3.705396831690528880e-05
3.050525802685100465e-05
3.244855585786799948e-05
3.218115174734475413e-05
2.831624155206070008e-05
4.426984430890658134e-05
2.332921761701250394e-05
2.960470343771703811e-05
3.833539432319734303e-05
3.502100841774036369e-05
2.209106521746248216e-05
3.970892241335885665e-05
2.853950749451178277e-05
1.161788448259966842e-05
2.901939923606670609e-05
1.699184418677994929e-05
2.042740609741146898e-05
3.597124010215102302e-05
1.651867226317826125e-05
1.913813480712509357e-05
2.682498518778993909e-05
1.415359698607258752e-05
1.058348456200018135e-05
2.621407866159509387e-05
3.425213324312282383e-05
2.550920458352352551e-05
2.133106669494696535e-05
2.331073022216988686e-05
2.603617119633754853e-05
2.246004437804561605e-05
2.268529038705624580e-05
2.250939543161253108e-05
2.074076627397917311e-05
2.092710762230621664e-05
2.576909153160724828e-05
2.778532201314244118e-05
3.609198455868878547e-05
2.434698501194062833e-05
3.996889138358050817e-05
2.395368820634949562e-05
1.212808678555119293e-05
2.578974215392344346e-05
3.998983556254374222e-05
2.218808060501036605e-05
2.816745421279250310e-05
2.363265826012786694e-05
3.654804838977491723e-05
4.203937186541091613e-05
1.813936520709370982e-05
5.145964356800474497e-05
3.036394024365697095e-05
4.170787794498588845e-05
4.051753285984300646e-05
4.911370467903050939e-05
3.218205255933082748e-05
4.473553996875028637e-05
4.190602533236992462e-05
3.182082015775427572e-05
3.454847219176783208e-05
3.405976105060883155e-05
2.612773956052217642e-05
4.087184967170263419e-05
4.416743128333414526e-05
4.390624491117143082e-05
2.721830173901694362e-05
4.445244676338513078e-05
3.136960617557713136e-05
4.170970417989853152e-05
3.248508665569523155e-05
2.935574087155662826e-05
3.357502007724484872e-05
3.930885249689666685e-05
3.538236615493377344e-05
3.308392668752012405e-05
3.475320557309979338e-05
4.313136697105354500e-05
3.985339398702051152e-05
4.496594954901914646e-05
3.863134189048075969e-05
6.106164739573644268e-05
2.916118023523588256e-05
4.101986091896678050e-05
2.946746702352345519e-05
5.955041600743434248e-05
5.487966516262373257e-05
4.063206984680558533e-05
4.065241635239137560e-05
2.943905792077131895e-05
6.229988010436379839e-05
3.982469204885061590e-05
5.535027424699273370e-05
4.647548709406896877e-05
3.060503614614451789e-05
4.449681774631097583e-05
8.437742216289799142e-05
4.121602900004379407e-05
3.530031112892796392e-05
4.593537147591086347e-05
6.097413010444501533e-05
4.004627997686218549e-05
2.437485960242514698e-05
5.823025223093678985e-05
4.626300523161309676e-05
5.498714061400390745e-05
6.079543440289155717e-05
6.575276243424829409e-05
6.935410869902132837e-05
5.583643145520192065e-05
6.968078968957452522e-05
4.518689908419413635e-05
4.309239612350330924e-05
4.383912317840746786e-05
7.091604862385088683e-05
6.382193761294180671e-05
6.363010369746882361e-05
3.973878390225432503e-05
7.402957323513395375e-05
5.307567160456155809e-05
8.071168462476171492e-05
7.391092089252968770e-05
8.040574782470348862e-05
7.864811170592700266e-05
7.836363383701711461e-05
6.893649617502227097e-05
5.687333223011831017e-05
4.650220957036713950e-05
5.193630851996172666e-05
6.970231855207366693e-05
8.030139244627517293e-05
9.054083747197768164e-05
1.005167553228897352e-04
1.182064093836619252e-04
1.053241909516260491e-04
1.463431438980185870e-04
1.080373006719966548e-04
1.285583088480539275e-04
1.168757241758236183e-04
1.292565227377183836e-04
1.062266976221402134e-04
1.455715256625737374e-04
9.734373925491538653e-05
1.009916476910307007e-04
1.215258498216466196e-04
1.424255996631681944e-04
1.541479596558775365e-04
1.458788482936390564e-04
1.489537782539215210e-04
1.383811091634215497e-04
1.597109198432617545e-04
1.385664557503761465e-04
1.322928608915029689e-04
-9.999900000000000000e+04
-9.999900000000000000e+04
-9.999900000000000000e+04
-9.999900000000000000e+04
-9.999900000000000000e+04
-9.999900000000000000e+04
-9.999900000000000000e+04
-9.999900000000000000e+04
1.600054957515269444e-04
1.518872539418238859e-04
1.794451917851764178e-04
1.554948348000596988e-04
1.528703422571409142e-04
1.773022391151519452e-04
1.780220879474400588e-04
2.363224310378506945e-04
2.469180810110468255e-04
2.299674420491281258e-04
2.443596237329433152e-04
2.370589916036295632e-04
2.563306001819247557e-04
2.734369223348155674e-04
2.675938240800492603e-04
2.869443651407593398e-04
2.831951275118771167e-04
2.735489485793051422e-04
2.466938237306527844e-04
2.493944732646363066e-04
2.166169935347781177e-04
2.349316358467501344e-04
1.928700931061259601e-04
2.110409117518871093e-04
2.039686954389033054e-04
2.023198081780243525e-04
1.905545210823890760e-04
2.385292561621362817e-04
1.933633291866161425e-04
2.076870283226233457e-04
2.209270371775295223e-04
1.119332478194789412e-04
2.091117105478491260e-04
2.460838149395016454e-04
2.277207782269437654e-04
2.595243342995263384e-04
2.125059620943088015e-04
2.724113568868492471e-04
2.626930511612203751e-04
3.564207868793445397e-04
3.614798414106853747e-04
3.557691835789637998e-04
2.952940848449811745e-04
2.592110587166247381e-04
2.311224010265972928e-04
2.268808196117478519e-04
2.211058889433268314e-04
2.147264639377339233e-04
2.359991193496467307e-04
2.112634759778406104e-04
2.016638577160470688e-04
2.172397164774128380e-04
2.037843671209881090e-04
1.796032400804971980e-04
2.116689604763058907e-04
2.207392467602128374e-04
1.943928018274756640e-04
2.276397982253428596e-04
2.030338390652985567e-04
2.414174509607414695e-04
2.605985945085821350e-04
2.512164872778462890e-04
2.458458998742130835e-04
2.205682969628740297e-04
2.598641965275721609e-04
2.668810273128034488e-04
2.724809591984015539e-04
3.523804111217622415e-04
3.381683114619846945e-04
3.147353475411969535e-04
3.203186143492689313e-04
3.188907104275095225e-04
3.013034283337651565e-04
3.151743203899518074e-04
2.989916986491761340e-04
3.517750502001692971e-04
3.684120905134470342e-04
3.955315902348514640e-04
4.047802209503765765e-04
3.810597198466552640e-04
4.174653427792398902e-04
4.525094887330722692e-04
4.608179788627982478e-04
4.503743782671673396e-04
4.723926026707774592e-04
4.613990586165854133e-04
4.489186646414164753e-04
4.639150090438175266e-04
4.904235432656554742e-04
