4.690697237448755441e-01 2.551519021341869031e+00 1.149768765949409133e+00 1.034617563963138032e-01 3.537878028949288378e+00 -1.536646117845483495e-01 -4.794331043451398600e-01 1.741635156226786663e+00 1.493318564237330781e+00 1.839474227808746143e+00 2.087313925640303047e+00 1.283834049834071012e+00 -2.013160214042533092e-01 2.638872441000942981e+00 2.116770270003068166e+00
1.347158942708653606e-01 1.426454151159608941e+00 4.684558871311592654e+00 2.989563789566713758e+00 4.561226641303155915e+00 -1.425068903386464692e-01 -1.776931261098444015e+00 1.677921751639690040e+00 1.004416606156051328e+00 3.637096939414728780e+00 -4.184972632369959311e-01 1.173812455178457226e+00 3.900227750035684338e+00 1.286804912721401517e-01 3.993173054881326012e-01
-1.508085753744323521e+00 6.461988582404674109e-01 3.623903123761320622e+00 2.806067653878662860e+00 -8.446957240700011527e-01 2.628314972504729230e+00 2.685327011046532708e-01 2.201881054146420436e+00 2.318198174179154414e+00 5.219297835009758524e-01 -1.148708866755659974e+00 2.173115966379142616e+00 -1.179351670852558875e+00 -1.577474892007716845e+00 3.975323657476645955e+00
-2.327130869084532261e+00 1.642109472757455668e+00 -1.941204158945443459e-01 2.488474915293909628e+00 1.979853174554540463e+00 1.065611270662545573e+00 1.512692834930230434e+00 -1.135367341558224386e+00 9.629187063309865291e-01 1.535042888475514344e-01 3.163849736266136414e+00 3.965548771855219368e+00 2.940138617777178442e+00 3.694138533340634467e+00 3.330499488707211242e+00
-2.941833208634230257e+00 -2.814336465307968327e-01 2.918872777054516421e-01 6.508662630610306810e-01 -1.721527684707164552e+00 3.551287190872964850e+00 1.441709999345876181e+00 1.246241035861806123e+00 5.505551571774137010e+00 4.008084386575424540e-01 -1.188495550154479607e+00 2.781406064054952054e+00 4.622215921121773263e+00 2.252195897906235533e+00 3.388105627902594286e+00
-1.734912347749554939e+00 1.502747305831738212e+00 2.103132256265317412e+00 2.602781027424988292e+00 -4.054832390416747145e-01 1.185838337864480119e+00 -2.513318165023719838e-02 -5.930971902257990980e-01 3.982363444602364133e+00 1.055006760253073717e+00 6.338783920354515988e-01 -5.766905296596611663e-01 2.615044975198645094e+00 2.720353252588230131e+00 5.604939536167377057e-01
-2.585024756889456210e+00 -3.603180283471090761e-01 2.252241634727221165e+00 -3.285649191176680528e-01 -6.330588018598736211e-01 -1.651309044187972086e+00 9.207831906726589022e-01 8.443896014603271549e-01 3.074003796839420932e+00 -2.984492690059277198e+00 1.260221640195671400e+00 -4.137030760900557436e-01 3.865840798540853385e+00 2.418953924756305884e+00 2.807257578024265232e+00
3.116541376170784972e+00 -4.048361620564969177e-01 -1.833014150064755876e+00 3.772811642934312260e-02 -2.740978075034680828e+00 1.507637883561550263e+00 1.959655046148012003e+00 6.693452032029846288e-01 1.310844525309868613e+00 4.377634089272029350e+00 1.249792705187849240e+00 1.270439494037400197e+00 4.005148686237934186e+00 3.135481861209006293e-01 -8.081714996878822665e-01
-1.681769792934584284e+00 -1.976467635588843752e+00 1.195785854850429653e+00 8.000890181654538580e-01 5.594310958318962079e-01 7.518860685693437018e-01 4.184046730517164470e+00 1.433163124067040828e+00 2.958978107022359749e-01 -2.965826886242358684e-01 4.598833984167916000e+00 9.840947206409439429e-01 2.894529207161533169e+00 5.367017685885715483e-01 6.595099967895174942e+00
-1.103100000993395113e+00 1.493598477684201953e+00 -5.449609069905564374e-01 -5.946745788841312219e-01 -1.602117246830954689e-01 1.662632035874088976e-01 2.633493883871814489e+00 -4.383830204936877140e-01 1.708656825116077194e+00 2.364624584015445063e-01 -2.286076070665371329e+00 8.458643994504346786e-01 3.444925893364444658e+00 3.800358006908881592e+00 2.757200098953169753e+00
-2.517433559270410459e+00 2.900755356299590026e+00 8.930334887354639539e-01 -2.567120520887062884e-01 3.160182001945145203e+00 -7.991189678805455943e-01 1.021876951653991061e-02 2.083786961132745752e+00 3.276102299177126032e-01 -1.592476415632152198e-01 -1.017179197608229657e+01 1.600136878224919901e+00 2.205810670383412830e+00 3.813199233144673794e+00 3.786293947686708350e+00
-8.188843824599717491e-02 -4.787982746840521719e-02 9.256374504522180136e-01 -2.629945217881230146e+00 -4.694184894430801225e-01 -1.075859965122304640e+00 -3.730463534300861639e+00 2.459838958908869166e+00 1.906660002319916503e+00 1.683798032097087338e+00 2.650301424074402057e+00 1.557346242508592216e+00 1.180743265480300730e+00 -2.934543284213006142e+00 5.434858608258646306e+00
1.549859662750098455e+00 3.799130469203190419e+00 1.813760761037906510e+00 2.308748709615504158e+00 3.587790195450343500e+00 3.246896675570616342e-01 3.429906643976362801e+00 2.557800199534481234e+00 -2.907139781361579356e+00 5.998978172722412294e-01 -3.919292870486315028e+00 2.443576109425048271e-01 -2.600639860398217262e+00 2.731707659314042691e-01 3.118308332133319372e+00
4.223163399969684484e+00 -4.297919472380631323e-01 -1.444668394847257620e+00 1.060469091839731703e+00 -1.989651444595790464e+00 1.917674550804234990e+00 2.998628949096476259e-01 3.919438706729235555e+00 -3.650766355318902256e+00 7.705621390708290441e-01 9.298388631199271614e+00 -1.650042770754015287e+00 -3.451211337446575822e+00 -1.110212583849498058e+00 2.364307430536043420e+00
-2.197373795244981665e+00 -2.917558549560499426e+00 2.089406308920624511e+00 -9.890578495619390953e-01 2.289452444450818247e-01 -6.296741696186244353e-01 -1.522200281676043598e+00 -1.749444670485752029e+00 5.316767025099044197e+00 -1.158591073594147591e+00 1.580736732541908385e+00 1.814529698039098804e+00 -2.930272641010391310e-01 1.124464607745718991e+00 2.624038784074711916e+00
-1.651576728021528551e+00 -6.982166265387821369e-01 -1.096726036975715080e-01 1.209761262851487107e+00 2.864740951709450201e+00 1.666346688564807610e-01 2.681807241056862967e+00 -1.883200623447649713e+00 3.809656098956127224e+00 -1.044618078864667954e+00 4.466689648032102333e+00 -1.318845866050299076e+00 1.518929258110891301e+00 -1.003092381524691046e+00 4.903387596147783523e-01
-3.599436379346354076e-01 1.429410704478871752e+00 -1.522929229560795017e+00 2.456782544850724115e+00 2.752613190777585483e+00 1.759208854686497459e+00 2.661638311121063971e+00 1.604371793651300782e-01 4.240368232949795479e-01 -1.929271119875024532e+00 3.924858672726083242e+00 1.478172949282379411e+00 4.059416796655026083e+00 -1.564962099564783715e+00 9.684938457419021152e-01
9.179432857240888977e-01 1.476985140502819371e+00 9.784342915459414147e-01 8.730778194890552735e-01 3.317450581929580089e+00 -1.330679098154450068e+00 2.268002967152096705e+00 -1.424533347493625701e+00 2.092080560343605899e+00 1.161997054299193755e+00 7.657745867035036236e-01 1.175616259258698060e+00 -3.503383413495315679e+00 -3.243318240177616829e+00 -4.119987780256715304e+00
-1.220035127435431743e+00 -4.568522961872373833e-01 -1.468128905399913142e+00 6.730154091867353028e-01 -8.852979283453853432e-01 -3.091181634372291320e+00 -3.690581369274537060e-01 2.418529516633731280e+00 4.591373570351099609e+00 -1.944404743757300880e+00 9.581092660548053974e-01 1.439637571247136538e+00 3.752996276750895532e+00 -4.593156761086211404e+00 -1.495116362981616431e+00
2.520869584971516364e+00 2.356472183032255252e+00 -1.052031082373204862e+00 1.936407638140917209e+00 6.077357407108712195e-01 5.172692306577154397e+00 -1.282264245542680037e+00 -5.715750473137538173e-02 8.546951047372182142e-01 -1.062224740634116343e-01 2.046658335903956516e+00 7.260938695985592606e-01 1.078842627816720023e+00 1.643567995456522324e+00 3.281397933063049610e+00
1.627821895112270711e+00 2.038221972750356770e+00 -1.430906504295229142e+00 1.183634092872741572e+00 4.482592690733674168e+00 3.540233639329465998e+00 9.389235049466185812e-01 -5.936259437974114594e-02 3.406914212891924088e+00 1.904278357485826856e+00 -5.495620096725807313e-01 1.655658323942974519e+00 -1.247845920568608102e+00 -7.095756377236034362e-01 -2.730101697420932449e+00
1.349976831960171042e+00 1.671813144483351277e+00 3.557718831338361198e-01 -2.954746922394722475e+00 -1.648777618524574606e+00 -2.027702873217667179e+00 -1.532701800970215356e-01 8.248773612880451189e-01 -6.590480465674056765e-01 -1.677678241726967556e+00 1.835121440715902885e+00 -9.197003509287546841e-01 1.284062673245860875e+00 -1.973542856922447797e+00 -1.500663970610693454e+00
-6.140182773880346057e-01 1.958417949885920883e+00 7.554050504822722445e-01 4.258583354977959340e-02 -1.498111679725741441e+00 -1.940363583048820395e+00 2.933959837681456406e+00 2.964793205881792737e+00 -1.392367338345111394e+00 -5.937103998261821225e-01 -1.802709130283151717e+00 1.124359714143473854e-01 -2.218281958432041900e+00 2.104198866178079275e+00 1.526047300010693553e+00
-8.442267377644807613e-01 -9.437399275900696383e-01 2.833552994931153535e+00 7.337451046484885220e-01 4.907170667350065352e-01 -1.793773933154539924e+00 3.408222885949313774e+00 -1.805626553277151602e+00 -3.241591233062067534e+00 1.851296502728881077e-01 3.183551488807069063e+00 4.792617089615492376e-01 1.320118463293805222e+00 2.267577414256218837e+00 -1.044946668866975514e+00
-2.390337343645185242e-01 -2.466441579433269471e+00 1.248360542836124631e+00 1.281716911214227039e+00 2.532317960721165440e-01 4.387327668935275260e-01 -4.970227785961025546e+00 1.072087034110071446e+00 1.085596838966600558e-01 1.125538238518386747e+00 -1.832268400796243313e+00 -2.645802511156622128e+00 4.083689102887529288e+00 1.871621933399057802e+00 -4.008205541459376242e+00
-1.119541857754939640e+00 -2.700286900599041751e+00 -1.036220281376969643e+00 -2.422075339968849661e-01 -2.648178231074272748e+00 7.425974676469614399e-01 -4.585615636615309465e-01 -6.914324646903295957e-01 -2.312593788834182984e+00 1.239188452986527800e+00 -1.894094857758218398e+00 8.516957750987613762e-01 3.003791484385814670e+00 5.122195163679567065e-01 -6.282072988270052782e+00
-2.558750073519208801e+00 1.030178269372755695e+00 2.291647962224579449e-01 -8.747479552730349495e-01 2.803324440933883555e+00 8.563425591999500597e-01 3.684546862325634997e+00 3.386172897548291871e+00 1.816660438391580534e+00 -3.778806498549937221e+00 3.780800544844200584e+00 2.966367967634713221e+00 -7.038475088868803575e-02 3.778004547916637423e-01 -6.460568231014891527e-01
8.882493982111347997e-01 1.931160407406061541e+00 1.936520002339797930e+00 1.480430758605223884e+00 1.586856149526265636e+00 4.507184970080269082e-01 -8.894486101888393614e-02 9.449835460630722217e-01 -1.459383566529331322e+00 2.577528969081279708e+00 7.786598045400942247e+00 1.533653205465745017e+00 -6.828031840675294339e-02 5.578105144582864439e-01 -1.523571440002850608e+00
-2.583595835904454407e+00 1.037967907425543790e-01 -2.777627430525929642e-01 -2.009437235945448652e+00 -1.597241451332891637e+00 -3.845961084173481481e+00 2.912572892147166748e+00 3.032383826615332040e-02 -2.276749157228698806e-01 2.949841636009980839e+00 -6.851694568867291224e+00 1.645105373813175120e+00 4.204317871247728711e+00 -2.142518873806471547e+00 6.130687382020528764e-01
-9.430131443295473037e-01 4.731314769061194525e-01 -1.811730014781114839e+00 3.015300692446047925e+00 -1.021919330622909294e+00 -2.228560848361023972e+00 1.475271332594640494e+00 -7.838957013191186762e-01 2.226186863850390107e+00 -9.684206130699197779e-01 -3.179555209046827091e+00 1.110502194835638473e-01 -1.452996806824043974e+00 -2.453223517180422864e+00 1.600631344238673703e+00
-3.616097527658450606e+00 -9.985897292828291860e-01 -1.750917039719556367e+00 1.415093968388640988e+00 -7.192738934034206277e-01 1.882986625117301971e+00 -8.423991181321079935e-01 2.690068173578329946e-01 3.286287808521622944e-01 -2.035885432837778897e+00 1.095731962988091057e+00 1.479546153335166425e-01 -1.679454114704536316e+00 -2.050254293392856919e+00 2.216082923987787723e-01
-2.730185708260863375e+00 6.497891306128715794e-01 1.411930777215337995e+00 1.513283089776490398e+00 -1.691766664613489624e-01 -4.451684554453787968e+00 1.375958826901625687e-01 -1.046191998275471102e-01 -9.755098705584557273e-01 2.516474223132992294e-01 6.319195803241987264e+00 2.463374549024793581e+00 -2.819108204466424628e+00 -1.820682177625141840e+00 1.994930206625641800e+00
-1.725916384283046945e+00 3.637534971885484913e-01 2.126003829705323867e+00 7.568857847129428773e-01 -7.428902433729808186e-01 -3.125773194032911984e-01 7.567205588992129695e-01 -1.392119034956892820e+00 -1.578635886586700066e-01 -1.468128623756388862e+00 -1.142188121255965028e+00 -9.441061019930602205e-01 2.494633832112622240e+00 -1.899435750983423876e+00 5.694359265919212376e+00
-1.552086932800036401e+00 -1.002723400375488794e+00 1.860130422154720797e+00 5.854567382749124027e-01 -9.584153421447750842e-01 -2.424136624214251690e+00 7.931342490923537492e-01 -1.051072396584522561e+00 1.473158697119238525e+00 8.600873227302552326e-01 2.011149530212199998e+00 4.367661843525534771e+00 3.856606591186779176e-01 -1.253641551670524379e+00 -2.255064068235594466e+00
-1.713360981942908090e+00 1.294993807914618100e-01 3.652090734435796460e+00 6.367120173163488550e-01 5.767943259198832912e-02 4.576220996608230784e+00 -1.764050949866077689e+00 -8.342982022436390421e-01 1.742614848225827906e+00 -2.096616268740176814e+00 4.344451096356690911e+00 2.218742880178085741e+00 -5.638773935133300164e+00 -1.315780534929020140e+00 5.641656272298832819e-01
-6.707305508445321474e-01 3.406526887976552231e+00 -1.680144575394735412e-02 -2.507057644117315423e-02 -2.208254673371130128e+00 -1.053487529133921408e+00 1.103133490905655378e+00 3.716776574486106988e+00 -2.016557706430798458e+00 -2.030166884381818360e+00 3.232924182400155999e+00 8.073818505695283809e-01 3.086256131681735404e+00 1.256314132697128327e-01 -3.636800001259625326e+00
-2.870323256112132349e+00 2.959058262925410077e+00 -4.263534514516240798e-02 4.385027275677312986e+00 -1.143204986440434556e+00 2.209629208917735177e+00 4.143625290047937143e-02 2.735917934176329003e-01 -4.963866394274786542e-02 1.699009465091569471e+00 -2.684438717540127417e-01 6.114501908669007779e-01 3.861996750614203222e+00 -6.172432023101123155e-01 3.745493853139098661e+00
3.742926934693244334e+00 2.606265264359714173e+00 2.009810687286204711e+00 8.635949363384255451e-01 2.127311564088812279e+00 9.409784429501655278e-01 2.849515004185822153e+00 -2.500494733501803957e+00 1.581476095451974651e+00 -8.630056304047671600e-02 -8.639190082875559673e-01 1.060962067247054108e+00 -7.990269104091475283e-01 -6.033284002066298113e-01 2.419195897315762345e+00
9.953146039413828916e+00 6.691765969847016216e+00 8.234860804046650884e+00 6.975543521978236683e+00 1.715670630934300833e+00 4.210149928116951656e+00 2.896380510054750168e+00 6.418974742910714681e+00 4.363587869687523657e+00 -2.418732945912675181e+00 -1.051419146429396045e+00 4.664676621481227414e+00 1.797675504818866621e+00 1.727949279179385123e+00 -3.457532613838542046e-01
1.201375645005279225e+01 1.194350522297944117e+01 1.137033872151930858e+01 1.004339293566312818e+01 1.019470973194473373e+01 7.001102616346901897e+00 4.301638458591363623e+00 5.711587550123681467e+00 2.035639688312729234e+00 4.025557523600786780e+00 -3.256399991284234297e+00 1.309216118607759771e+00 1.091991639785012014e+00 1.083971903353320582e-01 3.763222391366104258e+00
1.576429990340525755e+01 1.436778924081389164e+01 1.194957855128595625e+01 1.209966729398426644e+01 9.073103803488383079e+00 3.154367431185337800e+00 7.247650834543549969e+00 5.808529831874929883e+00 4.562809958318663206e+00 4.712894355315000894e+00 5.397601179948732231e-01 5.390986435896657269e+00 -7.860771257422599634e-01 4.908876252157585163e-01 7.861614110056685867e+00
8.022995245820249366e+00 9.888580563726442563e+00 8.437601350044428017e+00 7.475994791974711617e+00 9.198493470079807111e+00 2.645130837641931798e+00 5.016645408351001478e+00 3.464526812588730742e+00 7.297158517339312311e+00 1.533517646775532484e+00 -4.038260935204316837e+00 1.967008562581560316e-01 1.658725620815768131e+00 2.139525904254092836e+00 -1.584648644205656209e-01
1.285572641214945477e+01 9.232662914559032430e+00 8.374724768386808904e+00 1.253188112181463154e+01 1.252887746206455510e+01 5.941486455946204615e+00 9.619282601492544771e+00 4.595563369578190560e+00 6.507960707039804227e+00 5.645667366003467968e+00 2.317930244725739275e+00 6.903499313839017049e+00 -5.819133436636431123e-01 1.824286546485188287e+00 2.954208475603314010e+00
6.719720194132617230e+00 1.188374003573320259e+01 6.056950047351261190e+00 6.658037778763731040e+00 5.725471176764098225e+00 2.518951333324495057e+00 8.262804005115540917e+00 2.484225197207960090e+00 2.891652828571493750e+00 1.313962422848093059e+00 6.075918166030745304e+00 3.961671488622563464e-01 2.251995427202847289e+00 -1.374265406907191789e+00 2.896096979111379977e+00
8.767358767443003131e+00 8.061673728526457694e+00 7.016322153110569282e+00 8.511587897600820796e+00 7.455023703624718223e+00 4.023870723176467656e+00 -3.066497458222764982e-01 3.217196612658563826e+00 2.377434773682926217e+00 3.126439021408732977e+00 1.022208636966596984e+01 3.390958250674252827e+00 2.472468692740451779e+00 5.734240608984789489e+00 -2.716953804235870518e+00
2.717659523945159084e+00 4.004632400523088442e+00 3.200853633948991028e+00 1.120068074801700231e+00 4.868667041291735664e+00 3.671980766282512132e+00 2.411197926954633530e+00 4.183387708386177906e+00 1.606207502861331404e+00 3.860023793968827999e+00 8.202643727224644410e-01 -1.086876762785816408e-01 1.878222946353819145e+00 -1.627982704347034515e+00 -2.208007326598710129e+00
4.819934713150038519e+00 4.239042957353581720e+00 5.426684335957547844e+00 3.754246479434281358e+00 2.009805666541612634e+00 1.440657556952900098e+00 4.491795316115482883e+00 3.911715950441241318e-01 -8.678688343135966543e-02 2.835364611835539783e+00 -1.686053635545031071e+00 2.150534261816634984e+00 5.534526580755655401e-01 1.317386773429820801e+00 1.082702302953084672e+00
2.854369473253476897e-01 -1.495546658092952619e+00 1.377307612430229977e-01 8.639605197956320426e-01 1.648774625223784485e+00 -3.302270479500208022e+00 -1.375130886800758345e+00 -9.926855746971555705e-01 2.004188324647181663e+00 -2.830614266682582869e+00 3.918894005510404899e+00 -2.445291242760991579e-01 1.857713334431844165e+00 3.125108150734877022e+00 4.107462774550609375e+00
3.587611669583914864e+00 8.419816873558820802e-01 2.360305283416623268e-01 1.132060352906424816e+00 1.229797161555935547e+00 6.391360018868871284e-01 -7.719985409828318546e-02 4.001958073473115718e+00 1.708658259333007301e+00 3.755545283782446564e+00 3.036211875601469989e-01 8.267030809443011163e-01 2.144909406348658454e+00 1.079005238905273334e+00 3.087923526629674509e+00
6.804047835367381225e+00 -1.506399141658668173e+00 -3.430959308754860437e+00 1.795963850432550579e+00 2.107278262043204564e-01 2.892091399347910041e+00 -2.036109174343302630e+00 2.408984078321809441e-01 3.006678532533427539e+00 1.851748719285577938e+00 -2.408991232372054370e+00 4.992375335956997340e+00 -1.202767022929518648e+00 -3.472370400385904610e+00 4.792452290880371280e+00
3.191338083725931529e+00 -1.312275053304927663e+00 -8.095719524596900474e-01 -3.423913227886295374e+00 -1.423889735811685320e+00 1.896811110586618110e+00 2.100974660849389331e+00 -3.072786002128847227e-01 2.094167595056826148e+00 -2.993796491851736796e+00 -6.443835124129227987e-01 2.384875348174017695e+00 -9.328387607439492246e-01 6.729700475392103032e-01 -1.031331779622727707e+00
2.385087536624850735e+00 1.137794812969601610e+00 2.592704646171907434e+00 -1.631052332682601635e+00 1.525712969844482680e-01 3.676943884721159073e+00 2.508020047655206697e-01 -3.347427566414844513e-01 -6.205000517205715438e-01 1.129559652136299608e+00 1.557099607816313513e+00 -8.796368511860197525e-01 6.287787450844121162e-01 7.144989149032969777e-01 -6.447441872609258606e-01
2.050890931223466662e+00 2.845368447489234676e+00 2.288306161618541612e+00 1.612203748674448711e+00 -1.022330836379134134e+00 1.984700355590408138e+00 2.995353712216445974e+00 3.434085393740105907e+00 2.485437542767326424e-01 9.505605282440388049e-01 2.072725798191279889e+00 1.051097039757709073e+00 7.474185237945504490e+00 8.116518077846440749e-01 6.155113518979081766e-01
4.180390136087464903e+00 -7.177305823176174937e-02 -5.210718519353308570e-02 1.515626525887929787e+00 -5.517865282715962438e-01 -1.297756311578249555e+00 2.239609234787730774e+00 3.442239225524559854e-01 -8.017537263943467218e-01 -1.547755920127066691e-02 -6.608777277495488711e+00 3.325362376330245340e+00 5.438333831112042382e+00 4.790313832720526355e-01 2.409346702067039492e-01
3.994715276092858147e+00 1.641143589881751241e+00 2.716960309548512420e+00 2.337392300773825315e+00 2.813288534902596005e+00 1.590195941841163974e+00 4.354523134563478948e+00 4.642350570453164793e-01 2.047585741006617166e+00 3.672474940285842315e+00 -3.415067053835623562e-02 2.055563650544189436e+00 3.799393411185115532e+00 5.856683109223896899e-01 2.096965243291558867e+00
2.325740747411044307e+00 -1.749138109123893059e-01 1.347397635364065760e+00 -2.305192686741676933e-01 1.985543322768722474e-01 2.732007132619505008e+00 -8.933266496281819791e-01 -2.659829336472497308e-01 -5.102105095131626022e-01 2.656803844886172605e+00 -1.535706462884261381e+00 2.327909693621940335e+00 5.504147307056985738e+00 2.722214775933897157e-01 1.409073026682058360e+00
2.742596667900055518e+00 3.558564442204173450e-01 1.164555903334315579e+00 2.136851233935161520e+00 1.953910555052931652e+00 7.767333237509217447e-01 3.708200775812418915e+00 -6.882256417032216467e-01 1.540433774241429798e+00 1.089260003594149095e+00 -3.869276972085459732e-01 1.865750215036776405e+00 -1.401819825202557990e+00 1.941246913879092428e+00 1.764695559031712380e+00
-1.178992481966251615e+00 -2.807597971206120313e+00 -1.590107106103570089e+00 3.998750016599402990e+00 -1.220365465013086570e-01 -4.406763300254296745e+00 1.784748352144652328e+00 1.245908701201120738e+00 9.922876637384888676e-01 8.208800997918171971e-01 2.386883513385618993e+00 6.236830924224640027e-01 3.871944824457132506e-01 -1.311170992959091341e+00 -3.814928454289447490e+00
6.031444526328805580e-03 4.757942894376677168e-01 8.495144731550859918e-01 1.509124840534252998e+00 1.032279285009326530e+00 1.864450444576849275e+00 -4.872415782977429499e-01 2.295434153869410743e+00 2.510235340350235766e+00 3.328823110198204205e+00 -3.265497698809710414e+00 -4.909153535408826707e-01 3.406678146283542929e+00 -3.821066087665396793e-01 1.797570203417839130e+00
1.277158712871794499e+00 4.216287373241495828e+00 -9.745038566360786358e-01 -1.508759914272604363e-01 2.010435895348403612e+00 3.986376246355589903e-02 3.155752468946687594e-01 2.392045258724595502e+00 2.041303825405579531e+00 -3.049108877241782700e+00 -3.178181338097396225e+00 -1.614718899809970409e+00 2.889564347670270927e-01 1.730643941269773611e+00 -1.063433498197082550e+00
2.376018569013870430e+00 7.854872278897785387e-01 -2.594693658797645686e+00 2.767476947662614872e+00 1.789956978138794064e+00 2.525371796888072340e-01 1.624322137423078960e+00 1.766802662337459529e+00 1.352215728806497097e+00 4.168281018910799496e+00 8.391210005182507536e-02 1.838805210714709482e+00 -2.393418654206197704e+00 6.829352229048893719e+00 -5.439927219252543189e+00
-3.570310599505241989e+00 2.025723591608933560e+00 -2.451975449819370656e+00 2.497701150393789593e+00 1.878204819617878218e+00 3.115607639667016038e+00 1.211795106720955362e+00 1.909038174076873151e+00 8.506370116477232624e-02 1.363839511442212604e+00 8.279181979261900359e-01 6.562923320758462520e-01 2.430806975286579352e-01 8.509619579254704136e-02 -5.223936824492289022e-01
3.329762123039825106e+00 1.514664828352723536e+00 1.464446725056705478e+00 4.182837105253574966e-02 -9.093309534077399503e-01 -9.182801776255790083e-01 -2.703648694356458382e+00 1.390342769699493441e+00 3.603807727987593079e+00 -1.605539664953794521e+00 -1.881098924482998758e+00 -9.373083849865146977e-01 7.228320219076634912e-01 -1.069266809827796455e-01 -8.760435235063918080e-01
6.114372958788809598e-01 3.230278651951099533e-01 5.619954696359052981e-01 -7.519313699434161669e-02 -4.229479751613443028e+00 2.259704379606926938e+00 1.008411837494825436e+00 4.988385485050454426e-01 -1.555769959649599965e-01 -1.856132376004501205e+00 2.531486371179149319e+00 1.567339412350815753e+00 -1.177723877199350344e+00 1.496345967746995020e+00 1.313965233601666949e+00
3.920469504295821306e+00 -2.491845796626535492e+00 -2.624919534391579878e-01 -8.201889168128128071e-01 2.267662533133683045e+00 4.879432094094378947e+00 1.714921914348256582e+00 5.484168650831087316e-02 -1.265330257471682096e-01 3.433672891410103123e+00 9.417360610290487211e-01 3.090621479914729797e+00 2.015468507720613811e+00 -1.697154953492626683e+00 3.574542740176019251e+00
1.939981468454480051e+00 2.181339590720851707e+00 1.809866847757843067e-01 4.291683840408984985e+00 -3.162423850365893241e+00 3.643921191310967256e+00 -2.051574919816670506e-01 2.804440975015210391e+00 -1.948557590043783039e+00 -3.529819002605587119e+00 -1.272565839518528419e+00 -1.677053327499819391e+00 1.942070879891292901e+00 1.520775457658428420e-01 -3.406255882924954292e+00
-1.700132177357531971e+00 2.663051169220792547e-01 -7.610352858492190897e-01 1.029036948599056700e+00 -8.439019609989562021e-01 -3.011652407508040863e+00 5.694723423402426876e-01 1.661528881596752161e+00 2.495821036898349110e-01 7.941751643114758341e-01 -9.956195625599564836e-02 -1.644116661394237067e-01 1.915115886873254736e+00 6.675674234689434883e-01 -1.030025317714351241e+00
1.729739316173951824e+00 -1.951765962730430015e+00 1.289971695687651909e+00 1.946781635536201760e+00 1.606281128317484264e+00 -2.060946544764087895e-01 -1.196362686563582800e+00 -9.272066443040372086e-02 -8.063418495683133402e-01 -1.929814624954965474e+00 3.590542430746405778e+00 1.548032709961298714e+00 9.536870826412880975e-01 2.284643746425372157e+00 4.775201938354975084e+00
7.929624904903839200e-01 -1.139330798671936096e+00 2.689025428036202925e+00 -1.346068432771635182e-01 -5.040350978512306845e-01 -3.245764032852104908e+00 -1.657321771089867335e+00 9.224021717620350946e-01 1.048951702211882830e+00 -1.859023651329366977e+00 1.299701270482752191e+00 -5.072617175922760957e+00 -6.713139652837104565e-01 -2.556349419042287519e-01 2.509906322785123489e+00
9.418664394105296100e-01 6.331485415693255403e-01 2.053974902764349686e+00 2.309250766064962601e+00 -7.820614886388189690e-01 2.684329903285024965e+00 1.496188239048867663e+00 8.400588090865184210e-01 -2.538461267479435346e+00 2.264429185906905173e-01 -2.418366938059159477e+00 -1.439709751728093512e-01 -2.937476218173553089e-01 -3.051095879346567008e-01 3.291794230692751455e+00
5.235649333265770089e+00 1.645100862160006283e+00 3.583364698022593497e+00 4.209532529754849151e+00 1.948537062650727680e+00 2.419103784723657391e+00 -9.928450225672507123e-01 6.875878207371000084e-01 8.881303599280242489e-01 1.915248349133976236e+00 3.795876996886748511e+00 -4.874615247123207928e-01 4.363998055288019096e+00 -1.245740453150090854e+00 6.594981351793830493e-01
3.481015996393534095e+00 -9.214673404193710615e-01 -2.469782804026464038e-02 2.318847263704461703e+00 1.117060523448315523e+00 7.010920736884288518e-01 2.311706028306168115e+00 1.102478612983168960e+00 -8.097097305421415703e-01 1.754916964240479160e+00 -2.986148277708263521e+00 -2.850205346536087703e-01 -1.271189556697744694e+00 3.143080211150216297e+00 -3.993696057211026940e+00
5.284552289167885469e-02 2.391603189003856933e+00 1.986558113146683624e+00 -2.270005204239797791e+00 2.780946397734991304e+00 2.139368136822993094e+00 3.082248135482088092e+00 6.297347843554744751e-01 1.124022061047480037e+00 9.488439616503968610e-01 -3.477743177593668467e+00 -9.608523047483263912e-01 1.892429643332390832e+00 6.138274984098579523e-01 -4.030527650609989188e+00
3.310412765114258971e-01 -1.625728358920456085e+00 -7.578085776580586463e-01 -2.449168553856128361e-01 2.251356326850941336e+00 2.105773305986835542e+00 1.263167324087548726e+00 2.353109799942880276e+00 -1.451211094028509896e+00 -2.075200067592461117e+00 -2.444573603734863987e+00 1.666185799744591245e+00 4.173148339984546595e+00 -8.876600746911094131e-01 -2.951019154778253384e+00
9.611863309834779434e-01 1.288911794789473708e+00 1.261707546259441148e+00 8.288825475931803632e-01 2.674211633973540891e+00 1.405056809936867879e+00 -2.495213057914753119e+00 -6.944421537564421376e-01 -3.237630236986273946e+00 -1.952044901299021973e+00 -3.089864529507952984e+00 8.130136294935357277e-01 1.151853212531772197e+00 1.756126258480161573e+00 1.544941562660341550e+00
-1.069048913428501946e+00 3.488823265183077282e+00 2.141380202200781291e+00 1.056271753112418832e+00 6.425586360697221888e-01 1.068087171282231962e+00 1.502168872776881159e-01 -4.269203080900425551e-01 9.305345082058400497e-01 -1.307818406877925277e+00 5.556458034901637921e-01 2.494063149118859735e-01 -1.554502350117381804e+00 2.041803072958706888e+00 -5.066924340692354534e+00
7.079257900829846184e-01 1.323976162866392192e+00 2.042008160728491895e+00 -2.099184145187740214e-01 -1.733126383792594094e+00 2.490357318350832738e+00 1.635541036162682316e+00 1.472860165482912376e-01 2.792798172102377297e-02 3.028464244278653794e+00 1.274170049140155747e+00 5.228056560197252622e+00 1.399391460810140986e+00 -2.157406497707159865e+00 -3.400974548024114252e+00
1.094406357287536879e+00 -7.386626073707873719e-01 2.695358348077292465e-01 6.746844465937626989e-01 8.581214388257825121e-01 2.884628995041329969e+00 2.460115054161558401e+00 -2.157191796166999076e+00 3.384301734843032428e+00 7.334586038420601861e-01 2.186469481907789281e-01 1.559146496972349416e+00 5.190380525657617428e-01 -2.048749490803885909e+00 1.259891160960832313e+00
-6.619850127231520220e-01 -1.025811642196354789e+00 1.220344857630094371e+00 1.150959696849655600e+00 -2.127806756653822351e+00 7.212895790839064958e+00 -9.500537281611932672e-01 -2.567662273811774920e+00 1.230819591182778838e+00 1.570074728133079800e+00 2.016499536501392242e+00 2.408634281950114087e+00 2.217698476757273607e+00 1.782158791195173064e+00 1.862850153291644384e+00
2.653234910862551033e+00 5.253150902246007670e-01 2.733698649931678215e+00 -1.089532714018658144e+00 1.326085679226531200e+00 5.354021742777170800e-01 -8.477628923626835400e-01 3.906906020899519660e+00 -1.924957445145397336e-02 1.161297866661730183e+00 2.806312775572903817e+00 -9.889544707683672886e-02 2.173746504403322177e+00 1.492838011448537117e+00 2.247941071977904937e+00
-4.122980268997682884e+00 1.615220301488223265e-01 -8.569828132446525304e-01 -1.713334531741092404e+00 -1.291760292239637842e+00 7.731074157146008430e-01 7.804082068486272172e-01 1.419038780450560533e-01 5.972181376682967890e-01 8.698275614730215377e-01 8.466409980356390363e+00 4.156959113272773898e+00 5.033063616342597912e-01 -1.206128300652354213e+00 3.839910928461772954e+00
