1.814221568636183779e+00 2.386284152816904758e+00 8.306933805827444672e+00 5.143838369853443560e+00 3.073131981271434832e+00 5.006070728660960256e+00 3.144309777057010979e+00 1.955882637905550947e+00 -1.221453607930629848e-01 1.591022603222126186e+00 2.955747406550643053e+00 -6.489173040317000041e-01 4.410842901615584566e+00 1.005554279142913732e+00 -2.474361356011427038e+00
-3.785897928326232842e-01 7.179381661215106236e-02 2.581146192976297549e+00 3.998670553369123581e+00 3.163707171088754766e+00 3.804773973458638547e+00 4.088490718225039622e+00 -7.890204529567033109e-01 5.280828684246522409e-01 7.686447988259731190e+00 1.595876808551298209e+00 -2.103471987692857592e+00 -4.788747662221491730e+00 -2.813462972285828423e-01 -5.329950931422341220e+00
2.498681898452320027e+00 1.300824031240219281e+00 1.471439221223385108e+00 2.643179257564819640e+00 1.022683364936420036e-01 -6.190076985854031655e-01 1.654958694490392013e+00 1.890983907917428875e+00 -6.223617772636321765e-01 7.014464485906234392e-01 -9.693173163279122928e-01 1.646515204103760732e+00 -1.212388646721226149e+00 -9.206082742903572147e-02 5.503297669046375296e-01
1.651325541843547962e+00 -1.796915063373384136e+00 2.218874033076254637e+00 3.019129628091076878e+00 -2.280096947476892399e+00 -2.167405750476144366e+00 2.671540006914579823e+00 -1.623954154126232119e+00 -4.835212913166923032e-01 -3.054230544069598818e-01 2.940677383184855387e+00 4.928990255490444561e+00 -1.946518602195507874e+00 2.331134993043310621e-01 2.926567488045254795e+00
-6.538580923693184666e-01 -1.325708271749238276e-01 -7.976904845682907252e-01 1.131343118124156666e+00 -2.336235438462118008e+00 2.460005310096804454e-01 -1.340165464096275683e+00 -1.623385333980022494e-01 -2.008666661580687851e+00 2.750230477482860536e+00 -5.999694322164407234e-01 2.507049603796664528e+00 -2.059780313062866131e-01 4.989686866736768867e-01 4.546671959412985409e+00
2.367930888049650573e+00 2.619959183471283204e+00 1.070214191356382072e+00 -1.510521517366634425e+00 -3.357050524577833706e-01 1.269304874232260572e+00 -3.690389551467063156e-01 -1.433821071066634811e+00 8.933357477939921631e-01 2.594852201919009893e+00 3.044893834569960767e+00 3.196286532020243598e+00 1.553813545736600243e+00 -3.051688934047182555e-01 2.094403940790991570e+00
2.292894983566714229e-01 2.529030076569558361e+00 5.854374852881013419e-02 2.526214395564970516e+00 -8.917607647145644467e-01 4.213609562337979342e-01 2.487035845510312537e+00 8.295623174585997628e-01 1.412471409870378336e+00 8.031820138324675673e-01 3.748210193456856243e-01 4.021948202115349424e+00 9.941468401279791589e-01 2.724846773953118806e+00 1.897680078704542563e-03
3.570121854690400554e+00 2.066811308257106461e+00 3.446258083822542950e+00 4.525682501827987814e+00 -2.382056798311815160e-01 -1.094497695116525948e+00 1.479957401325749711e+00 4.456209241841639468e+00 2.374545116407610124e+00 3.876649428635761119e+00 7.485489708520759455e-02 9.011625277942537648e-01 5.396925472218038422e+00 3.695678391199883617e+00 1.084352759396973037e-01
2.768633552197034664e+00 3.176155760272866946e+00 9.112507864257357593e-01 7.903149950641955579e-01 3.377359959034017756e+00 2.240140330099201993e+00 -7.870704814620930190e-01 -1.562462377167918248e+00 -2.003432981433273419e+00 7.970453930454450830e-01 -6.391806977460301464e-01 4.149279989293382265e+00 4.445991872972045122e+00 6.375508073340736548e-01 9.825409626800135632e-01
5.953587792251685329e+00 1.226408702019353480e+00 3.579099657889255326e+00 5.416976449790502635e+00 5.642161195962256848e+00 6.988753067931018137e+00 2.471076986406823828e+00 -1.758515985733698217e-01 3.218698105636438545e+00 1.933383667242190240e+00 1.949103307603891277e+00 4.479079776901863319e+00 4.828414066795991388e+00 2.342000899514443957e-01 4.015295636080831621e+00
5.533443083508870153e+00 -1.216544642742822813e+00 2.165119184534029184e+00 4.700339028539922026e+00 3.592212079827198146e+00 4.834981360324739796e+00 5.628568489482791648e+00 6.423569980252200606e-01 9.933238208519683532e-01 6.153244311304877812e+00 -2.250767577352192905e+00 3.126611088298557828e+00 5.377818205448957833e+00 -1.797048820382590284e+00 3.575124025518066517e+00
3.187720227912603566e+00 6.231439544317547430e+00 4.490799042607295455e+00 5.769052876567148047e+00 4.926621829470830605e+00 4.640777203430770242e-02 6.662219924438681495e+00 9.240835004973886324e-01 8.473217037401649776e+00 8.947272278263052048e-01 -9.756390308441652559e-01 -3.302827318187678829e-02 -1.554791104147052738e-01 7.913942138672769300e-01 3.636323311232011246e+00
7.590721137606470492e+00 5.080273872557730996e+00 5.669773616229967672e+00 2.617201665881637940e+00 5.507801002464345785e+00 1.454318410123965677e+00 5.328339886050857288e+00 3.991980933162530221e+00 4.397798059532653348e+00 -2.220936699993904639e+00 1.040620802311795545e+00 -3.296228364991153348e-01 2.843565067652727762e+00 4.319961700161308316e-01 -5.566356513895115432e-01
2.271375538698497287e+00 1.422285488229737105e+00 6.491670615565527491e+00 8.024961615223082489e+00 7.294481107255686325e+00 5.928679645106472940e+00 4.918142896429065658e+00 3.879423084797229748e+00 3.640546287025481775e-01 -1.289754896406339002e+00 -4.032866473797073747e-01 -1.669501017630544704e-01 1.987162497666588867e-01 2.563946628672089112e+00 3.064381115415117929e+00
2.741716862712699765e+00 8.371542006589105522e-01 5.193643608133108991e+00 4.842962334556716542e+00 6.087077128337205600e+00 7.052824085636610896e+00 -3.151473872924369868e+00 -7.077545815113670535e-01 3.750176457857406831e+00 5.945783825409309831e-01 -7.560066888796778128e-01 -1.509827164105393082e+00 -1.573389926859938281e+00 -6.373211948730554688e-02 -6.946551633524326863e-02
2.292528570709425395e+00 1.215089775506253689e-01 4.730183679532821373e+00 2.622578792473353904e+00 2.625130987929430670e+00 3.567833851288297886e-01 4.253643734240054819e+00 7.240076435970523860e-01 -1.000000877044480152e+00 -1.662249082234540820e+00 2.811953313384027098e+00 -1.056113280458305104e+00 2.144526728554951855e+00 3.188319644975816658e+00 3.430141920716457626e+00
3.937715668774642186e+00 9.886587005661614524e-01 2.520763241569615953e+00 1.902579779132325122e+00 4.986387492827751622e+00 7.659130206005610120e+00 7.359342294814972263e+00 7.585133454272821929e+00 1.465938586809495181e+00 6.058014958388024951e+00 5.946982964286764428e+00 6.268646638566178986e+00 1.529773441439156390e+00 4.814146681667392791e+00 5.862817068332637938e+00
2.652585472386936871e-01 5.953979333091221626e-01 7.622903825775538822e-01 2.445378824365679549e+00 3.807755760021941382e-02 -4.477249278264062160e-01 4.941578048663141765e+00 1.522628893868289701e+00 4.147587997447293340e+00 1.322096712187466938e+00 1.350218568103166872e+00 -3.909682815099331243e-01 7.502377633025792747e+00 4.406376937706426133e+00 1.896219766054046074e+00
-6.383928224443630173e-02 3.257250914253352114e+00 1.913935741559566750e-01 -2.200830891076992202e-01 1.081040447512072067e+00 2.326988865188116318e+00 3.448768577775352728e+00 -1.500883516169386089e+00 3.688689414853768000e-01 2.266335937524811328e+00 4.075129425669071992e+00 3.032320978447717419e+00 2.489083508282577739e+00 6.620995753928929695e+00 -2.449582703797206773e-01
1.978670627364953027e+00 2.069132469743934166e+00 3.065078016091942748e-01 8.193765011246252339e-01 2.156115594532078461e+00 2.496275020407865863e+00 3.274287234882738318e+00 2.500298991769805745e+00 2.684286471195085344e+00 3.396689450812058642e+00 1.232476143438641092e-01 3.576599742543677074e+00 -6.315332639433142159e-01 4.126615481748619807e+00 4.494523635290733843e+00
-1.011284969208829931e-01 1.636600223509562468e+00 2.232697635552323145e+00 3.718130319311007348e+00 -1.693655355649918981e-01 1.362143544929391048e+00 2.647017529568967409e-01 3.411929744390238550e+00 -4.751792752053888846e-01 1.410228294537203997e+00 2.427031988786722216e+00 -1.348285092599456059e-01 4.131111272311581040e+00 -4.317838558713859437e-02 3.988215345680720780e+00
-7.796023146918944491e-01 1.669107028540426363e+00 2.812941379931745839e-02 1.158213053110061619e+00 -4.298301705901043657e-01 6.467561776909178661e-01 -1.364008562690304682e+00 -4.004364674195332596e-01 -2.638424930110257360e+00 -1.589644903191756720e-01 1.150855966039436629e+00 2.461508438755199979e+00 1.781808095520615254e+00 1.475784965551535821e+00 1.903890141355371712e+00
2.612587109830170284e+00 -5.156891917835788597e-01 2.060514000525502709e+00 1.354638574395479189e+00 4.363188712186272689e+00 -3.230479598412849818e+00 2.953556396239831461e+00 2.674992024374561517e+00 -9.154390589383513133e-01 6.779342810563016020e-01 -1.278219822538401607e+00 -3.855813133329186737e-01 4.795121524891695408e+00 1.298055011577080586e+00 3.858707081266072425e+00
-4.472690121751626280e-01 2.644208523632197494e+00 5.687916142800797381e+00 8.103372860978759196e-01 2.006752036652587279e+00 1.591102135185737509e+00 -1.615529880101881588e+00 5.342881253485853854e-01 -6.690006551282984271e-01 -2.462305448133240482e+00 3.987670597331435474e+00 1.120888557471507452e-01 -3.542316102054877458e+00 -5.598663801316389188e-01 4.122706821776168234e-03
-1.124196651503696298e+00 -1.633218313330371541e-01 5.622005800105980278e+00 2.100048663122836334e+00 2.642461400119261228e+00 -2.421340302941409561e+00 -1.052786651182759242e-01 3.027968637436726507e+00 2.021589489837430254e+00 4.621250655032798527e+00 2.326469725935574218e+00 2.402865935224506533e+00 3.732247312365985170e+00 3.004170396392278786e+00 2.748306547818186729e+00
4.095087300855473206e-03 2.537321076569865497e+00 2.550255397403146329e+00 -5.338313771890154102e-01 3.703044616763194963e+00 4.646120664181664361e-01 7.759423367593293319e-01 -5.352748317549791413e-01 3.674662209789187006e+00 -6.040669778177181204e-01 3.648707258179798796e+00 5.806751384468377353e+00 3.948866373579144717e+00 -4.887608288021997316e-01 1.442749609383207954e+00
1.317948203237597316e+00 1.225632150256215969e+00 -1.103234762123458612e+00 4.223455457227129450e+00 -1.225078649894821403e+00 1.061575968586139140e+01 4.038568117206335906e+00 4.115669868491273142e+00 2.486853149437816768e+00 2.320577139430813673e+00 2.011660213787458851e+00 3.184485459659867068e+00 1.322319726684962449e+00 4.686779904014745313e+00 6.919892273620575907e+00
2.168470293736200372e+00 5.481936141717492994e+00 -1.523536886498495502e-01 4.816633353490636260e+00 5.732665072206508228e+00 4.752815879853152792e-01 8.556401757974301248e+00 7.373540596779189826e+00 7.964915677335770106e+00 4.489862543002500317e+00 3.987126009670797444e+00 1.328090679379310801e+00 3.967884263120407873e+00 4.925092064884185383e+00 4.802846512911094656e+00
1.860170299562713847e+00 2.449634744273247122e+00 2.241525508726126326e+00 3.133882365993482910e+00 1.740877126968541466e+00 4.840937763521617754e+00 -6.746990483019954521e-01 -9.141627969362684514e-01 3.150832157260627930e+00 4.617623490985003798e+00 2.988037252825907153e+00 -1.641958784620137779e+00 2.928584379306089946e+00 1.260427642337919929e+00 5.863731092398404288e-01
3.218991540369055659e+00 6.899431604132600704e+00 3.729483337758654482e+00 2.985358678418057021e+00 6.703027129635179548e+00 6.200449974465292335e+00 6.163176909918145263e+00 3.723029260711873789e+00 8.919045398116358214e+00 5.703888698930509094e+00 6.757782914697924248e+00 3.829155954818798335e+00 1.061612956596184487e+00 7.909536186762787580e+00 -2.302796320026326171e+00
1.565884365492521413e+00 4.176757802149475118e+00 3.456490885837227189e+00 3.709890640232543557e+00 2.342849195982031230e+00 2.757356617374062235e+00 5.921655829312551411e+00 4.283977498763798408e+00 8.006114417696545971e+00 9.785031382123326793e+00 1.063066978777535354e+01 4.813135404573513298e+00 8.905049245262555146e+00 9.915972453467311709e+00 1.109506225982360128e+01
1.344839282265042124e+00 2.531097280226222601e+00 4.626936433861805753e+00 3.579608380619311081e+00 6.996159034382762876e+00 2.385140887582502867e+00 5.769634351288750018e+00 4.528434568234552593e+00 6.760973569991736376e+00 8.389822110935675425e+00 8.795900847468558936e+00 1.149726642335627780e+01 1.102155682676051107e+01 1.856168704117276747e+01 1.984133219019213001e+01
1.420990151088949816e+01 1.113970994272212955e+01 5.223210900674790658e+00 2.277626702381915003e+00 4.149034594427899236e+00 3.203713078578445561e+00 4.359606858161170884e+00 7.092759566446444452e+00 -6.624564680700528729e-01 3.532098030019326540e+00 1.248581166256745867e+00 7.632129839303562591e+00 1.325672562032305457e+01 9.561631573155834118e+00 1.877473597415630024e+01
1.700621657627527838e+01 1.251684754563775392e+01 1.805294657521164936e+01 8.399604645729002783e+00 5.264440444785260631e+00 5.617930541380402154e+00 5.781918150157420833e+00 8.343088903910185650e+00 1.019247918997931279e+01 6.816817895824462958e+00 3.302243638102370760e+00 6.416042244748616064e+00 -1.928626234069049872e+00 7.523548812035240729e+00 1.325897328432475675e+01
2.434141974663061703e+00 1.203600687107238620e+01 5.786634776264936164e+00 3.003679474193058585e+00 2.953649413755748743e+00 3.583609899417929512e+00 1.012024059545779231e+01 6.471403933150075893e+00 7.193301124653391554e+00 5.048921407920893500e+00 1.119689798826623228e+00 4.895369815895487697e+00 -1.359830268833494227e+00 9.990808757228994974e-01 3.036145248099537675e+00
8.222139705820934452e+00 8.837439180870635624e+00 5.512097659807278838e+00 6.430507082629152826e+00 5.313529165755737083e+00 4.187629371450932503e+00 6.723595236102696937e+00 7.515250905185690833e+00 6.492142903785822483e+00 8.571856604156147696e+00 3.779630136160933240e+00 1.891924166747643854e+00 6.089257430453715259e+00 2.516138087203597884e+00 7.353739558783490615e+00
1.186969990661549623e+00 2.753315227369972806e+00 4.271024981232748985e+00 2.412546644822516129e+00 3.981305157529439143e+00 1.125973920678306595e+00 8.044690702516296810e+00 4.607688783131882460e+00 -9.006235919623064579e-01 1.453632867251274829e+00 4.477139418578572339e-01 2.318021533009002599e+00 2.062227631255928451e+00 2.058421632368123699e+00 6.750769779945968718e-01
-7.468919570153556009e-01 -4.748121272004747762e-01 3.892112799199156203e+00 2.484403150064797838e+00 3.029299736537747201e+00 5.584675327926611921e+00 1.829279845468106291e+00 3.996046542128127488e+00 4.251526248187324164e+00 2.038461428759968275e+00 5.049675570186269447e+00 2.256899258106068729e+00 1.756600872511617784e+00 3.618156647732912568e+00 3.396174571133878661e+00
6.339078292551850957e+00 1.660140993753239202e+00 -3.925891599468130266e+00 1.358965389530408574e+00 5.078875071314560508e+00 5.030254066289478132e+00 6.186146464251193855e+00 3.201955505699245474e+00 -5.649684049821606102e-01 3.519160645256919073e-01 2.269167013633511143e+00 6.876031113287216279e+00 1.697850553499904436e+00 4.279679088779761997e+00 3.329600250858232524e+00
9.034368278873227354e+00 4.802831899152403494e+00 3.655037205819497981e+00 6.997352481334970342e+00 4.622253877339701944e+00 1.341841628975597267e+01 9.707265198087279501e+00 7.700821815513202218e+00 7.878749426761737062e+00 -3.956139899874022703e-01 5.827710661168323369e+00 3.022431776234835610e+00 3.515279467737571384e+00 4.235472280831295677e+00 1.888605421577757459e+00
3.195890472195566989e+00 5.100273844155958081e+00 7.355719784383205173e+00 8.609711950238732925e+00 1.175614824649927037e+01 1.399348772471753044e+01 2.230523457812456201e+01 1.167033132917893745e+01 9.531959412884193128e+00 2.855285641442177003e+00 9.440110728752502567e+00 4.550365635549721510e+00 7.902211511950798517e+00 4.824860733142155134e+00 1.187700027891898991e+01
8.138683103449925182e-01 3.328844694491277512e+00 1.936274670953757715e+00 2.890443160810971523e+00 1.152278923379209230e+00 8.801664408502766435e+00 8.045760053050210470e-01 5.218812040832887966e+00 4.876376169945287664e+00 -3.759952903191176032e-01 4.650126788514389986e+00 -2.468200404177917362e-01 8.098713461341513487e-01 1.604687479069221601e+00 5.907450721039021246e+00
2.061241355186304247e+00 -1.204384536315909804e+00 -2.373231624951319230e+00 2.442047132556727451e+00 2.300824777357223017e+00 2.027483565971630042e-01 2.237683610878476337e+00 3.767596343392897840e+00 2.932350714181559237e+00 3.502384634533854513e+00 1.525295597413589332e+00 -1.725907820823061822e+00 4.104793784321180361e+00 6.045339315217891363e-01 3.259666803870359342e+00
3.043856544683615439e+00 2.984884133811585905e+00 6.877818656245903162e-01 1.007487445146752592e+00 -1.960427530758776626e+00 1.789977940710915094e-01 5.816971018329842202e+00 3.486347828375429003e+00 2.841960124429887991e+00 3.177697084713604347e+00 2.331446396290930423e+00 1.974645113260218965e+00 8.071197755933090523e-01 2.109703554337658549e+00 2.940255345114866525e+00
1.014258143731488149e+00 1.921506430261683551e+00 -8.068882154673653329e-01 2.760338577705725438e+00 1.135364160238671483e+00 2.908596487691414101e+00 5.504987597261509213e-01 4.585682107394748463e-01 1.966498183276667922e+00 5.083214440942965595e+00 1.737632326927133875e+00 2.070269314332055632e+00 8.589815278603526449e-01 2.647195359884967125e+00 6.219213318599641660e+00
-4.478617389987844533e+00 -1.234735043171540703e+00 6.706860387277558955e-01 1.560619565799580721e+00 1.144076711348773534e+00 2.619237211831733969e+00 2.550538711616875398e-01 3.489280034262570496e+00 -2.112062376152833654e+00 7.013486137155230615e+00 1.411511366375665988e+00 2.548413550541198003e+00 5.723462497885832612e+00 1.359758482822129411e+00 6.400320999957702206e+00
-7.352376300654455132e-01 1.200276145528376137e+00 1.887395038484541931e+00 -1.003885432103285735e+00 1.549276783216618103e+00 -1.048119873926431911e+00 -1.474582678857283558e+00 -1.324962841126019253e+00 5.654986921308267078e-01 -1.062162400238338522e+00 1.348617352969874394e+00 1.553507858583726420e-01 2.468759882160901586e+00 -5.249658564194314980e-01 2.939135017957839047e+00
-1.744250535884890319e+00 -2.048483354375907783e+00 1.556402671313501074e+00 1.272310420136653297e+00 -9.752696373717892886e-01 4.655190891759660943e+00 2.215452972407933263e+00 -6.333963695007315264e-01 3.928904778288313082e+00 3.702776111091227174e-01 5.107433044498757013e+00 -7.998057422185822496e-01 1.851919419591298910e+00 -1.514610355303857459e+00 5.323449391368197808e-02
-4.024773631682468378e-01 3.693633089907219502e-02 2.330218091976500538e+00 -7.500161855038696146e-01 -2.613621738604385403e+00 2.036962283045240962e+00 3.328838400419762422e-01 4.375972728832108416e+00 2.305483234132379433e+00 2.627708067359848076e+00 -2.545528708533618456e+00 2.170438997289469985e+00 1.843047106430391713e+00 -2.796880150984952795e-01 7.515888130912060205e+00
3.563938012672556166e+00 -2.231985053042467193e+00 1.686892723315302378e+00 3.226367697424534775e+00 1.772250584559139419e+00 -1.094937889215506166e+00 4.607981185903200938e+00 3.393549173443368150e-01 1.528366379791555874e+00 1.337519004377424325e+00 -3.750771739311843378e-01 3.758833506504825284e+00 -1.892665042523119068e+00 9.781467587823456933e-01 3.936992913576417230e+00
2.972871309295125997e+00 -2.688777350207085970e+00 -9.935971347243689744e-02 2.351868283843864038e+00 -7.577808615408976323e-01 -2.026231550925666536e+00 -2.317421168179577773e+00 1.422200436431114268e+00 3.368742439118241450e+00 7.943197702401649796e-01 3.573786861916369850e-02 1.500755423990899340e+00 1.898161776092854636e+00 1.286742813637005156e+00 2.391280228213578773e+00
1.040017421768560268e+00 2.458235946326101651e+00 2.122493721248258636e-01 3.758723399451976199e+00 1.692093906918392676e+00 5.405417877087558054e+00 -1.744604488073248305e+00 1.623126827286567098e+00 2.947663539904327834e+00 3.706637263500841328e+00 2.637022680252558704e+00 3.964005316205753804e+00 2.590413781148810823e+00 1.900229430487053506e+00 1.568343896426592554e+00
-3.145724142248016442e+00 5.231836848711178822e-01 -2.302938311805128535e+00 1.615941363059595348e+00 2.313366119861911763e+00 8.373962525896243292e-02 1.092239665002229021e+00 1.097283300972929254e+00 8.413911989451412499e-01 -1.595228834697411946e+00 1.009336042803786526e+00 -2.376734107396162976e+00 -1.389317319985796106e-01 -8.475521618682311728e-03 5.217631448168420505e+00
5.723181746823821747e+00 1.319978718072244206e+00 1.837946764068780769e-01 2.733076142527148811e+00 1.336628152057864449e+00 1.942843904793957410e+00 8.558791877080011989e-01 3.682093890817407456e+00 8.536596961527028737e-01 1.628491419110216221e+00 -3.751246755850058623e+00 -5.072839624278978332e-02 6.595774851486838619e-01 3.988452274690744925e+00 1.412158711140949929e+00
-9.737222386293281629e-01 -1.144833373295217838e+00 2.108791086335185305e+00 1.423224668832281603e+00 3.463644405581097985e+00 3.183069688621784632e+00 -1.870590438361475760e+00 -8.542016186771062003e-01 3.200646624534065232e+00 -9.639722164879521715e-01 1.192986879824630586e+00 -3.329384655877168253e+00 6.195585923260871652e+00 4.610994394489212889e-01 -5.778156840549594220e-01
3.676562423346213748e+00 2.890631576868674557e+00 2.449500111908196942e+00 -1.038630350209869935e+00 5.395184981761152798e+00 3.279222500154900022e+00 4.272407764040263345e+00 7.450400611538722517e-02 3.824145282001679469e+00 -5.435162828578163463e+00 2.453423354993635730e+00 7.349840681409655074e-01 1.626186573737171015e+00 -4.608704097592938864e-01 4.527681788648299843e+00
3.584142262736726536e+00 3.943917899542305205e-01 -8.079882449283345425e-01 1.719806604781671355e+00 -3.369394741329962528e+00 3.099352058816819966e+00 2.013579013592096345e+00 2.514859237904540024e+00 -3.843943798563966840e+00 1.935400265007191312e+00 -4.755536327377127392e+00 -4.349778498263364490e+00 -3.103695207355975150e+00 1.297272367646851998e-01 3.212443354703224063e+00
6.906728870935217479e+00 -1.311553634670261204e+00 1.352096603339847380e+00 4.668374591612339808e-01 1.393197116126745350e+00 -8.977257437383762140e-01 -2.421710604669165434e+00 -5.275922422609518048e-01 2.731744392366918905e+00 2.062315503029964692e+00 -2.947429116456068421e-02 2.967841169141796076e-01 6.224263950002508317e+00 3.067640982249685067e+00 4.099597050787444630e+00
5.464974891330951490e-01 8.551521735068956520e-01 3.889884895227706529e+00 2.980973599594143764e+00 3.618063044027926889e+00 -3.723944854116234104e+00 4.074842132835158282e+00 1.451408762036474065e-01 -1.256554746781696652e+00 -1.607657748189387004e+00 1.545312606410308709e-01 2.409501442681003969e+00 -1.200925052965624129e+00 2.471294117656628764e+00 6.692665350308743655e+00
-5.679388514768833884e-01 5.028840923313429911e+00 -8.469912268674663069e-01 1.705802844922865269e+00 1.854267903256489047e+00 1.067766826395808444e+00 -2.953327370910210359e+00 2.404488933012095764e+00 -3.097752261384857930e-01 1.110615338299093757e+00 3.170719247518575309e-03 -9.795663711729046819e-01 -2.358274836295423782e+00 9.525645130646057668e-01 -2.317200071168370012e+00
6.669698933689858222e+00 -1.731101917820715652e+00 4.715231757800148138e+00 3.944548052775179170e-01 -6.647475219845715433e-01 2.012150065309658231e+00 -1.861369906647230565e-01 -9.185949867603903085e-01 -4.464025477484822590e-01 4.371379847478544800e-01 -2.518315360919049173e+00 9.422967843226858209e-01 8.933193687903232538e-01 1.460604123288814504e+00 -2.453522329555509973e+00
3.449714270307751018e-01 1.549800497708207381e+00 3.125078658334768389e-01 -1.218281983400338442e+00 5.365452565389481343e+00 -2.092025057661065723e+00 4.360992073498254129e+00 -1.358222295471491481e-01 -2.207600307413733365e+00 1.037076526043747782e+00 5.441248303448370294e+00 3.421874958481599283e+00 -2.277801393659041995e+00 -6.087286547912875712e-01 4.296591029206291990e-01
2.274261511649907419e+00 -3.628496847925132052e+00 -2.636149144433793001e+00 4.468035345511506051e+00 1.453240513977858583e+00 -2.686615500645099353e+00 2.944428729194852767e+00 -4.658209842433002623e-01 -1.354850006886208824e+00 3.542305271292543800e+00 2.680464079168008995e-01 -4.177037205049959567e+00 9.646482085235137394e-01 3.471789133490152945e+00 -1.307232915320271971e+00
1.014984569518895707e+00 -6.165168882683303986e-01 -1.121643765072117827e+00 7.261834664684051477e-01 2.609416717897472093e+00 -3.098776244119868739e+00 1.862462910693982732e+00 -2.716872035916346295e+00 -2.174535820323733493e+00 1.525170046105657873e+00 6.871564937004350782e-01 -1.458073425951841307e+00 3.852623844228284522e+00 -1.357407067855323224e-01 1.599653144037607388e+00
-2.224316209759817919e+00 1.391942108610961126e+00 -1.238235807804312083e+00 -1.262566302344127589e+00 -1.994685161633759529e+00 2.762995485165649634e-01 7.413788686252013038e-01 -2.508974860725921019e-01 -3.383387944819169935e+00 7.438262069796778286e-01 -7.808459583381488489e-01 -2.247704799555292343e+00 5.899455468881710241e-01 3.384906745585093413e-01 -1.820880670356373798e+00
3.055340321327457143e-01 1.055413687200930095e+00 3.103541630799285800e-01 1.507120342513809941e-01 2.673186711479604849e+00 9.412360743606164037e-01 4.829601023506939761e-01 2.155055081295683461e+00 -2.313115391798500342e-01 4.165548940538407185e-01 -4.820790910399127327e+00 8.072944834509567791e-01 -1.781523356594692853e+00 -2.622526811818885584e+00 -2.965317921870080364e-01
1.290363245059671149e+00 2.289396106667880293e+00 -3.435830828326668307e+00 5.976021464630354441e-01 -2.383034392814661118e+00 2.689320380331334248e-01 -2.372612601356137496e+00 1.982746969328263775e+00 3.273793358115886232e-01 -3.112689247971126338e+00 3.482873829623100992e-01 -1.871211817285147738e+00 3.323575332499490997e+00 2.049331963364317555e-01 -9.904120124316634355e-01
1.854742301234820756e+00 9.889652084546282640e-02 -2.924924639740302368e+00 1.619515576949653646e+00 1.806831403449658646e+00 -1.136218195906082862e+00 -4.418895507887403151e-01 -8.023163618995103885e-01 2.024396172384553161e+00 -2.029694105157390904e+00 -3.489470355056997763e-01 -2.049034619121487211e+00 8.815093332580470342e-01 -1.112104060665599858e+00 4.342795252870395473e+00
-1.240558995056951774e+00 4.037522354795001434e+00 -9.420964002743092980e-02 -2.441597668113245634e-01 4.452191960046085750e-01 2.860487899880964857e+00 3.403459206331924225e+00 5.789966101157930506e-02 -3.845726994868606585e+00 3.684798686865703443e-01 -7.809072734289199680e+00 -1.602957744273576735e+00 -3.091006906589952141e+00 -1.467605470115276090e+00 9.875061354912133549e-01
6.269913521872064743e-01 -9.036264001853308026e-01 -1.901172301833316258e-01 2.345762355841804592e+00 -1.014741685413341310e+00 -8.551901876750932496e-01 2.715431299637125484e-01 2.506678271698934424e+00 -9.756233962852935981e-01 -1.866924405170458767e+00 -4.318738432288679263e+00 2.436683706575159536e-01 2.787087231039680368e+00 -3.747016852960172173e-01 -1.608614706028446584e+00
-3.303934273258732013e+00 1.647288797654545611e+00 -2.398825089755793005e+00 -1.176859035032167489e+00 3.213724779307449264e+00 -4.540398885936340001e+00 2.512947623914886019e+00 5.512825125885557620e-01 1.687901714177155288e+00 -3.357157043387335449e+00 5.171825365723452528e+00 1.111684537699702685e-01 -1.382488760426542340e+00 -2.311168873621967990e+00 -2.564397617670244323e+00
-8.446193002805091332e-01 -8.038641504072397970e-01 -9.619979340016963087e-01 8.201498104743691897e-01 2.864742224765793807e-02 -2.902453201934930505e+00 1.784295640231241764e+00 1.765183187816164567e+00 8.395693356034014121e-01 -3.712378949346865076e-01 4.032966446306212482e+00 2.841700537784426772e-01 4.756334824423326779e+00 1.595077617523273927e+00 5.068198473218700206e-01
2.387688660202438307e+00 2.016077818047550263e+00 8.559183411549289300e-01 4.309377430663847708e-01 4.407652566785200676e-01 3.319444172611836219e-01 2.522248804856816129e+00 1.719985326030071260e+00 -7.460833845500177697e-01 3.150163967433244672e+00 -2.066713098663311321e+00 5.020162389074040554e+00 9.691424605311677043e-01 2.910925516952131975e+00 2.235316604886301572e+00
1.513864490003744345e+00 6.521323200660691377e-01 1.930972912545239506e+00 4.717489610185532367e-01 3.557224114443466312e-01 1.243610986129468188e+00 8.770391713878695761e-01 -8.696231857930959430e-01 -2.271468810282885276e+00 -3.478932740959673531e+00 3.983597264205671618e+00 -1.274556991965175301e-01 1.442555596648728455e+00 -4.927231646631485829e-01 -1.702371928396237299e+00
2.396585314471831651e+00 -1.778129541945039360e+00 6.425476953682377479e-01 1.546218847942381069e+00 2.338525073983426239e+00 -3.795842587691033998e-01 -1.392573031499003022e+00 -6.865006680665988181e-01 1.158855797439687807e+00 7.009221042266547741e+00 2.227425865828563278e+00 1.065961390840333561e-01 4.983683565788139980e+00 -2.396032521187358544e+00 2.033818716119010439e+00
-4.355305757986580595e-01 1.509122218909929369e+00 3.190964404936374788e+00 3.477329411105329893e-01 8.078798418799756353e-01 -1.295286426258378754e+00 -4.743565480296713655e-01 2.353437602784008043e+00 3.625437642929850490e+00 3.399687012612485848e+00 1.598217865627709067e+00 -9.341561495204784293e-01 -3.922505402070812330e+00 2.850020144989553028e+00 -2.662638112197828755e-01
-1.921408796372157113e-01 2.000351323095090894e+00 1.127207300511565702e+00 2.855920732049145983e+00 4.109058006401868468e+00 -7.223078637200197605e-02 2.822364143712547069e+00 2.770243919310180658e+00 2.800337989468220101e+00 1.872758332802459957e+00 7.964467084101838346e+00 1.537819434609572600e+00 1.176289769648890315e+00 -3.364870651575575522e-01 2.752655177032439227e+00
-2.175989192868990951e+00 -1.558005453062525136e+00 -1.187283266973882867e+00 1.670021724793786966e+00 -1.706805872559688853e+00 4.631352025851766530e-01 -5.569117826781043723e-01 -1.288506059463863540e+00 1.813065789887523982e+00 2.441610675197480429e+00 -2.405030452828472942e+00 -2.673208181804996642e+00 2.691474127412226913e+00 -1.641702754733191050e+00 -2.477526880777364493e+00
-1.975340078244945063e+00 1.310814729218635177e+00 2.110937500189807192e+00 -9.803720843107448235e-02 -7.262413171814856572e-01 -1.411338775892525099e+00 3.216905991437275514e+00 -1.809824231859634258e+00 6.827954683228533161e-01 3.789837503168510535e-01 1.422175554424452759e+00 -1.813591058932022770e+00 -9.359679612043231289e-01 3.087708451379703511e+00 -1.210215092519439262e+00
-2.445220152110467726e-01 6.649746196722058356e-01 1.316785160472192073e+00 2.482414653956626971e+00 -4.049494830164800940e-01 -3.562780958975893864e+00 1.386486679903033981e+00 3.736820302747174138e-01 7.374580465982466526e-01 1.837377681267716500e+00 3.065163841136341993e+00 2.005992599657795417e+00 1.331446680268173921e+00 4.179097883826612403e+00 2.171025899698988404e+00
1.632599544375326284e+00 -1.206572046150583555e+00 5.979926607141827777e-01 -3.686277563662166412e-01 7.809287634800294864e-01 -5.779910525392991660e-01 1.589589803026303594e+00 8.104974949746889257e-01 -1.088205012950441558e-01 -6.639556615170695564e-02 9.064621901615879315e-03 9.418450920954797301e-01 -5.147646279363547350e+00 3.442429263875584233e+00 7.185534658760835747e+00
