4.763160069080060843e+00 5.130363299005281874e+00 3.979397101329674058e+00 3.040033628405172994e+00 1.153610570931438595e+00 4.140579640108748904e+00 5.366408650337849195e+00 5.240075556847457072e+00 6.054222908269037084e+00 6.044480800205839444e+00 5.933696514244267028e+00 2.425035565863627340e+00 9.510962522620330262e+00 7.237247347869819158e+00 5.899258718697646842e+00
3.027310958509192851e+00 7.285393168110315898e+00 7.138370372205891101e+00 7.786909225048734839e+00 5.447844255789616064e+00 7.971893208320695479e+00 4.375276553793203682e+00 4.010524429911489719e+00 5.667084222346246314e+00 2.677440015372076765e+00 4.199132579492461659e+00 7.366098877190654370e+00 4.417877578456357313e+00 3.869494692387077439e+00 4.175435483934390568e+00
9.178738578466875131e-01 6.575097160860891243e+00 5.465366031636396116e+00 3.305519774244079390e+00 2.914220508339957494e+00 1.812964944825778524e+00 3.965831924225664107e+00 1.791605031739695431e+00 7.514691064304512835e-01 8.339892233847475467e+00 1.000767622990691885e+00 3.177883908153734893e+00 3.804204399915480650e+00 2.802193324233372085e+00 4.768504100747648078e-01
-8.055254996175748028e-01 8.149683548444359715e-01 -9.899084160524247444e-01 2.472972547146781164e+00 4.830643950716292601e+00 7.236637045603772300e+00 6.177056152826833069e-01 2.499958214692135083e+00 -3.424182464967163719e-01 3.628379557141572231e+00 1.948656102472291707e+00 1.820338930595804205e+00 5.012009317617394100e-01 -7.395578175525063802e-01 2.499209386281461054e+00
2.468982144503229503e-01 6.218195549960035429e+00 3.823543918583217849e+00 3.414961330028876585e+00 1.670154058288085164e+00 1.367178036779727934e+00 3.057118418479532806e+00 1.043034168289499047e-01 3.995201943871008687e+00 4.748042782592747368e-01 9.583565204548872840e-01 5.207992722626727522e-01 4.102240762216610825e+00 2.144233734793902890e+00 4.048421144258885107e+00
6.987956960710147714e-01 6.648024945484288795e-01 -8.054888264793056418e-01 2.830449470034367421e-01 2.508860081342630721e+00 4.032770074323066112e+00 -1.646698623036301656e+00 -1.473589371952978844e-01 4.329786341834412688e+00 2.582016747337355422e+00 -5.911509950098555732e-01 -1.610025400234826432e+00 -3.239169184003109603e+00 -1.006114929057869145e-01 6.760197397186646029e+00
4.168701347903152943e+00 1.964335068908496851e+00 2.801929531125690875e+00 1.065500187500929147e-01 3.091710421834922506e+00 6.057203204190572343e+00 6.631158438761975304e+00 5.304605968118148773e+00 2.203632546549392668e+00 1.288600843164293241e+00 3.043120564044015097e+00 2.802283376260938930e+00 -3.795426484333475625e-01 5.420461239929406538e+00 7.258526943248424512e-01
1.298322858414603306e-02 -2.408784291739561600e-01 2.383520618956710191e+00 -4.035967137245461966e-01 -1.367817610287102248e+00 2.959041876819485051e+00 5.383768371330575064e+00 1.222497035907430751e+00 7.812578810331122225e-01 6.392026877485618819e+00 6.355854670903656078e+00 3.173153137111547561e+00 7.701176044488187156e-01 5.727581613140563022e+00 -1.625194655666931443e+00
3.681307714256365937e+00 2.620213301625551328e+00 3.887663727849088424e+00 -2.019159796062169332e-01 3.246770483754612080e+00 1.960928398440081155e+00 2.269849422011841256e+00 3.306711891510873969e+00 2.365150320884630286e+00 1.376705502654390179e+00 5.518757292317175711e+00 6.465370254230302649e+00 -2.068855029269957679e+00 2.421454659081675231e+00 4.701697958411886979e+00
5.124807439917610452e+00 6.996306077636947229e+00 1.582726059086326575e+00 3.731712451667835939e+00 3.884843098444334952e+00 1.490728752393975398e+00 1.433446959195316728e+00 3.098109794522727611e+00 2.794531542974871385e+00 3.984516383819013630e+00 6.189151187797319764e+00 5.516534133287388286e+00 5.569821658835760303e+00 5.904122118646853323e+00 6.985252076148503519e+00
7.432612081149760463e+00 4.797627904908375207e+00 6.363160687310993602e+00 1.111034541092749528e+01 6.477217080090374779e+00 8.092225660520787400e+00 8.684379732683087383e+00 9.449184539254147808e+00 6.634445430083662387e+00 2.873375939515022903e+00 1.392142942021386887e+00 7.412110745237431075e+00 2.064903099717008139e+00 1.125195362686074008e+00 1.864832929895979152e+00
2.967230425465402277e+00 7.418239966292600407e+00 4.947243492346172999e+00 8.505573343288768129e+00 1.062232166815061607e+00 6.443154177888300360e+00 6.771570947911109251e+00 4.211062969696427238e+00 7.478507276593671982e+00 1.284483899331741164e+01 8.810925604484248552e+00 4.685665289492038532e+00 6.806326997217600372e+00 4.943627253141271716e+00 2.453970541065177091e+00
3.302624519419149252e+00 2.588717845515591698e+00 6.319839450457284125e-01 4.048648259434910468e-01 1.123278316522444253e+00 6.191087459370721469e+00 6.808941386090160641e+00 6.430923125180578737e-01 3.972584722620348785e+00 1.294907104156744593e+00 -4.996557185235200649e+00 1.158838341134946104e+00 4.107126142974739658e+00 -2.948177748235338291e-01 3.045571453134908957e+00
-2.413333696767976377e+00 -1.852437442192146899e-01 2.480505148899631251e+00 5.469930794535837748e-01 -1.913435737941020509e-01 -1.250644677399284310e+00 4.938455022966230956e+00 1.057582448331825908e+00 4.091364890696608470e+00 2.993827267657234614e+00 3.987536186634186741e+00 2.384755374628284574e-01 2.089680148619048605e+00 1.237770409526441462e+00 -1.311108769479382374e+00
-1.191018637704202465e+00 -3.110096555280991160e-01 1.935475952192202975e-01 1.182625035376453804e+00 1.339508140006678616e+00 -1.694848891321909801e-01 -7.765122617860671372e-01 1.121384400798578262e+00 -3.663164332536741896e-01 3.017931375934693072e+00 -2.675387350526007957e+00 2.982153015937955232e+00 -4.249968538697088682e-01 1.912816333926078860e+00 -4.406556767222816973e+00
4.337304626677987329e+00 3.408890463185016984e+00 3.437431765480544854e+00 1.622691231936769007e+00 -1.929603086362815079e+00 3.798970080074091094e+00 4.092547472243325934e+00 5.413839993944493223e+00 2.008701589789923858e+00 2.888391973592021600e+00 -6.415960572992854827e-01 -3.266154796298390117e+00 2.082643023756573619e+00 1.917483294614177547e+00 -7.126798817322677060e-02
-2.175764136401945326e+00 -8.377695452658137087e-01 1.339181095695961554e+00 4.171399540716183907e+00 3.625088933780795664e+00 3.127858905397064238e+00 9.240451010571375523e-01 2.493444570016813078e+00 1.587487918926107522e+00 -1.355330905570629740e-01 -3.602108496430762169e-02 4.362143629758027608e+00 4.398644797525119721e+00 2.123877823864541714e+00 -2.472428462702112473e+00
2.324197539818713132e-01 -3.161417392402544185e-02 -2.551773667589418260e+00 1.323497115798395019e+00 -1.798283346471972077e+00 4.798627059071931988e+00 3.203645692724345739e+00 -1.417959284762642325e+00 1.336821952226058707e+00 -1.589620785778946166e+00 6.368079379264267814e+00 3.731805197656089312e+00 3.212561737142029639e+00 3.786733200527026444e+00 -2.622039793308944766e+00
-2.154036274820905650e+00 2.019785155816584687e+00 3.527937512429218936e-01 4.391381849757094447e-01 5.666714961898080410e-02 4.376261814239834180e+00 1.425138135115206817e+00 4.572332492747935184e+00 1.324410287960751109e+00 2.611023434793403819e+00 5.283514930363337747e+00 -1.658112897340822123e+00 1.897512173998650020e+00 3.466803526349068409e+00 1.324282937634247426e-01
3.955472441601468048e-01 6.031624172171173859e-01 -1.414407504149264305e+00 -1.024820762179878164e+00 3.756209497212878112e+00 3.639030574468373747e+00 1.855171823919451457e-01 2.237060138411601340e+00 2.171650358790595092e+00 4.009388134958271621e+00 5.051216108736956478e+00 2.772431491921326874e+00 3.420900640614307875e+00 1.082080625191719214e+00 5.192968481448192453e-01
-1.758189361849858523e+00 -8.568592415651683503e-01 1.063241435075661379e+00 3.719443284867164579e+00 1.219733618510373541e+00 7.060437839888169975e+00 2.312477165913122690e+00 2.581769045242904959e+00 1.282926206841480399e+00 1.131655757653785788e+00 2.836694103167107794e+00 -3.415119593652114482e-01 6.327128437287884433e-01 -9.836215785769627518e-01 6.958591743747201130e-01
1.111613674366456750e-01 2.578864321728260300e+00 -2.674314673932184361e-01 1.489431950954708039e+00 2.434126208037945105e+00 -9.106227440825290786e-01 2.067250247561695176e+00 -8.224106035373266940e-03 1.189126063813281009e+00 9.921323303318865250e-01 2.570302810037492058e+00 1.315031877942872240e+00 -2.081690343583570080e+00 3.854675143856982067e-01 6.620931286045029118e+00
1.388077338011550310e+00 -5.585518211438508240e-01 -3.688728445216091917e-02 -5.898830164612964833e-01 1.166193129401216395e-02 2.252401424930218443e+00 -1.633650210045712869e+00 -1.016488313309234393e+00 5.506411143123411955e-01 -4.076504903921915890e+00 -8.873265161326291395e-01 6.104950216435058863e-01 1.966319520180371594e+00 -4.889205753660285647e-01 7.564653503690360381e+00
-1.599755918888324357e+00 9.913295823936250084e-01 -1.006429463962499771e+00 -8.449669501641428326e-02 -1.225956637332355825e+00 3.272498150566233832e+00 -2.547817872523713500e+00 -3.387038120470282909e-02 -1.174029854084020830e+00 8.950021818776079385e-01 -2.113924182966693266e-01 2.319137710140743547e+00 -5.986239443508735159e-01 -3.364553474025305579e+00 1.132617380404146612e+00
-2.884547288069263971e+00 1.280520536638990237e+00 -1.633229410686925398e+00 1.269771953738600301e+00 -7.298673791278413869e-01 7.163143975763033744e+00 -1.411209438301033625e+00 -2.315742599797942614e+00 7.957794832344107228e-01 2.758069769289154927e+00 1.899682046130473978e+00 -3.304030535589344009e-01 -1.695023618165544921e+00 1.786381417313245734e+00 2.499960455674663518e+00
4.449556713243603134e+00 -1.671966575170160008e+00 -2.905320545481243855e+00 -2.293154384848857807e-01 3.092122979634969848e+00 3.735649663813201404e-01 5.816068386571906501e-01 -5.996529456746635400e-01 -2.560490626555570248e+00 1.809793406065947297e+00 1.914514896777796127e-01 -2.917631343737298599e-01 -1.932321298576163748e+00 -4.269191163453440740e-01 5.024784398716007239e+00
-1.343455541937229158e+00 1.603893928712960992e+00 6.855012482814649699e-01 1.232607479843954801e+00 -1.721367344515237319e+00 3.376204398929590345e-01 -1.303241657045656199e-01 2.452339778812750559e+00 5.221221906612860231e+00 -2.167260561105524563e-01 2.874824358398385460e+00 4.171080721235447264e+00 -2.070169447372676608e+00 2.112996217817578071e+00 2.088529329841445126e+00
-3.535672760382540414e+00 2.606184452005635421e+00 -1.318956147480411234e+00 -1.380340623052540794e+00 -1.503879931511350909e+00 1.512686348425332117e+00 9.715582339014587898e-01 2.484953710460137355e+00 -9.600726986480835612e-02 -2.180372202202352838e+00 6.273834623784044773e-01 -6.330377517080555405e-01 8.316233379934697689e-01 1.537973821695696408e+00 1.090184026833411579e+01
2.881043858376329148e+00 2.260557752313765434e+00 1.694653448379862981e+00 1.728212417036207871e-01 -6.097241869921268265e-01 1.287133193255229346e-01 1.074427978118800642e+00 -3.078678437272553747e+00 2.197281372667633459e+00 1.197554921603408928e+00 5.083666261869861369e-01 -4.057676465750449935e-01 -4.500567587568702344e+00 9.326531073223093271e-01 1.275152725471995874e+00
4.131381467405401686e+00 1.636749979540956801e+00 8.329225819588795821e-01 8.925699035541490023e-01 5.489515274905691911e-01 -7.031020345235819979e-01 3.299577225858645324e+00 3.684559953022273238e+00 2.633275830692493269e+00 1.835436158164538201e+00 2.644410339365647289e+00 1.146664000014967044e+00 8.747698959091880500e-02 -1.358242717935421950e+00 3.160756116558123718e+00
7.074485254673981593e+00 1.811036479247519315e+00 -1.479892458933312893e+00 2.470087140395936132e+00 1.605065400537939890e+00 6.731065096122410552e-01 2.553372783053812434e+00 2.179327203492011922e+00 -9.282177918786425064e-01 -8.346592774670165416e-02 -2.483501487842607602e+00 2.051134019109698947e+00 2.362491957495109318e+00 -1.277676485205733625e+00 -1.225015092051967791e+00
2.700142281300630387e+00 4.103329387478085177e-01 2.237653086777814160e+00 -1.168525107376644945e+00 1.984069573609028095e-03 -2.035734936806004036e+00 -1.231531558755913025e+00 3.803508586567248884e+00 6.208348841826808240e+00 2.941605503867516180e+00 1.645723244228192605e+00 2.664887148517684490e-01 2.475111460177261413e-01 1.797795693814268958e+00 -1.992138711745154112e+00
-2.050983409734017826e+00 2.439345604704889592e+00 3.945177443261574268e+00 4.724999807961017595e+00 7.436728811474052847e+00 3.995524429370308273e+00 4.382410309180063912e+00 5.554066931987268418e+00 2.063382271224657671e+00 1.172733115744388988e+00 -2.548023349555265327e+00 3.444914387608208894e+00 4.920624657400210822e+00 2.800096799530457314e+00 5.689578015584165094e+00
3.794346919151727615e+00 4.078150600057752762e+00 1.452735112257464545e+00 1.723528204213891080e+00 3.094274699308902310e+00 2.402436089811812447e+00 2.947090037478531599e+00 4.044246537706077227e+00 1.831008623386136902e+00 2.416014279122385311e+00 3.704773125682990997e+00 4.647441104126325939e+00 5.653835990657783306e+00 2.860623047617939729e+00 1.043629815429477914e-01
6.292671835219280085e-01 1.487437687158815303e+00 6.105173095696021512e+00 2.450340810956588733e+00 6.660690334438652549e-01 -4.064337621081987706e+00 1.776151146917317680e+00 5.715982321930771493e-01 4.745723026330472827e+00 4.196650124629576872e+00 -9.216322342098625109e-01 2.712497226827486951e+00 2.717116257912718602e+00 2.070796978230733387e+00 2.122960259978473818e+00
7.429936191952795532e+00 7.250141140302110543e+00 7.777307794576863387e+00 5.623580703447432327e+00 5.998816440171706788e+00 3.306034644020098501e+00 5.001876961411021227e+00 4.169052471268778426e+00 3.399721968189970411e+00 5.905705409372213666e+00 6.462769377817831007e+00 6.466974838698460459e+00 2.626399547917031452e+00 2.492207050783379341e+00 7.894225152242025700e+00
1.093318967117824414e+01 5.384955217977060116e+00 7.836840225180099040e+00 8.023118530544804727e+00 3.134559602711164406e+00 5.834288962408429313e+00 2.420272951120660210e+00 3.829910511004304130e+00 4.611523003301869927e+00 2.591855845565938399e+00 2.687548443415773036e+00 2.933335033928277547e+00 3.611868182996561538e-01 6.546711284048845947e+00 3.403477015764678981e+00
1.357407349164772370e+01 1.695030333431429526e+01 1.253142771492632157e+01 1.248678174039326549e+01 7.034663936147173224e+00 6.962274037840931129e+00 5.277909142705009771e+00 5.650360809023103670e+00 2.760166129774980437e+00 4.906692488807291141e+00 2.276310548183125171e+00 3.221586778273099583e+00 7.300708606404066714e+00 6.118106769718286486e+00 4.853199398819382893e+00
2.166584418783388344e+01 2.070366803085090268e+01 1.628660179872190028e+01 2.213442062346918249e+01 1.353568591396899201e+01 1.664402152549864056e+01 1.127776441745860758e+01 1.114319872658026078e+01 7.168595515307631949e+00 7.567652077531263011e+00 7.531490660405140147e+00 9.433510037663822345e+00 2.316206853922976316e-01 6.309606946993474352e+00 -3.120341704549832951e+00
3.133544721394019916e+01 3.687765820168170450e+01 4.289617245904298670e+01 3.631392466790622819e+01 3.016555934467964306e+01 3.378288084568826832e+01 2.705410351724385620e+01 2.250424130843048331e+01 1.758884858475155255e+01 1.078495047187405298e+01 6.356587304913319691e+00 1.222460306717900203e+01 6.520816309000602828e+00 6.193526454541233406e+00 5.439133117459988398e+00
2.968618456556139407e+01 2.778360454699955184e+01 2.675925573501936583e+01 3.082797820198927852e+01 3.254640719483081313e+01 3.201754004979351009e+01 2.584730156574814686e+01 2.935384697791743136e+01 2.284426784510320729e+01 1.614491007222276764e+01 1.698361993654574320e+01 1.105205078164220467e+01 1.949543137642282176e+01 1.065698772899679980e+01 7.192348546981836677e+00
1.612741731664435463e+01 1.976737669177763834e+01 2.154300131124995943e+01 2.242174828733378078e+01 2.494359503931065802e+01 2.645895218335152421e+01 1.289577877342795631e+01 2.224935649653350822e+01 2.389216046363605273e+01 1.561860754591452860e+01 1.524092815002963341e+01 1.445695080633416119e+01 6.541721513958320244e+00 7.251713547874476973e+00 5.695847712269340946e+00
1.138625775263944639e+01 9.844496052613898485e+00 1.179456527021856083e+01 1.858941770101967350e+01 1.027213392602229369e+01 1.439668708488419746e+01 1.398373405500910671e+01 1.484224988422972835e+01 1.724609791504146017e+01 1.962365288053154799e+01 1.772706705246658743e+01 1.031200212230059954e+01 1.053758512236831102e+01 6.210458356224320298e+00 1.138438331011060001e+01
3.120814034819219263e+00 9.222810327211711012e+00 4.912719530284842762e+00 6.951057355598559084e+00 8.953594339777614763e+00 1.163695539698307790e+01 6.885898571047760264e+00 8.890835063080247735e+00 5.994724525229746526e+00 8.068834388900711474e+00 1.062064018283929023e+01 4.852077920185113857e-01 -7.199009845364988669e-01 3.253280124954099684e+00 4.900243819605104356e+00
1.082160891805049152e+00 5.356165444193424996e+00 6.818932206624709558e+00 6.297907787758047604e+00 3.349565129886715731e+00 5.986340280681582193e+00 4.954917314823387819e+00 7.440860989464769482e+00 4.886748839987970605e+00 9.604429026036640948e+00 5.543706397676144704e-01 4.280669511345636558e+00 2.741700774888736092e+00 4.663682911435670597e+00 2.258843913657508029e+00
4.997786010997236517e+00 5.709802413305945734e+00 4.110305613443321349e+00 5.619932708819450617e+00 5.814232712299907568e+00 7.768379745168798145e+00 8.571938328544780106e+00 3.784347508017803285e+00 6.346466617953411493e+00 1.538820764655265183e+00 -1.179816849404379697e+00 1.631323930404165568e+00 4.653610633421907394e+00 1.948408265849061793e+00 1.988566645680562628e+00
1.254041448113720536e+00 5.778821163057545007e+00 2.407236596759479319e+00 5.100814066222270959e+00 8.192504926779577090e+00 6.690786860171329842e+00 4.106745920311398734e+00 2.588314807651441285e+00 4.317541395892887657e+00 4.514553812869801952e+00 -1.209312552529201668e+00 3.089128291652585734e+00 -4.291873699110860585e+00 2.931641427409008127e+00 1.544561901423733730e+00
4.224224125706013133e+00 8.380662082231282728e-01 4.445177752479872346e+00 2.863592037422860059e+00 2.132461141275675764e+00 -3.875026415434504212e+00 6.741501443661820581e+00 3.540591670326249663e+00 3.697718283844693143e+00 8.634701687911064738e+00 9.238271913555472281e+00 5.836992670023215091e+00 4.566551524157514308e+00 4.959900929680038040e+00 -5.411582152141017898e-01
-2.564472883212375542e+00 4.645029083416394755e+00 4.974786247610432643e-01 2.791444912594777783e+00 1.589904123170187589e+00 4.691658590630247261e+00 3.343396040893055865e+00 3.655128006389510631e+00 6.559478543520299354e+00 1.413236229971891689e+00 3.636421795711179072e+00 -2.162360066653175872e-01 3.280874300939299992e+00 1.279158248893823568e+00 4.868441450429052075e+00
3.816729421259620114e+00 2.059229210112715425e+00 6.499575965789165188e+00 4.592059177563862171e+00 -8.229465935118820963e-02 7.964138399617152864e+00 3.095801439672861033e+00 3.035553205087939244e+00 3.364492724532979206e-01 1.394761666277786416e+00 5.492126746438819040e+00 4.043416655685131644e+00 1.692099500647348265e+00 3.120228852671065756e+00 1.372021846589863792e+01
-2.217325798548302807e+00 2.365376115610454466e+00 -9.588992718928462944e-01 4.166024702730733331e+00 1.015548192831801311e+00 4.883619273956558260e+00 1.376945253964510396e+00 3.499285434712913645e+00 2.097501927571340907e+00 1.429678998832306647e+00 3.554789612206049831e+00 2.824913376777713037e+00 4.562973124558097560e+00 5.930572436463201313e+00 5.756516387279352109e+00
5.091836397901151834e+00 1.827345017830639629e+00 3.102069129738025399e+00 1.235508638497856415e+00 1.633377382366911768e+00 8.770776122887002924e-01 -1.237918137676692565e+00 1.156922686663136579e+00 -1.640089531035266585e-02 3.715605701568517377e-06 1.411501335293581016e+00 3.362736367356906619e+00 2.280503699058593903e-01 4.078578674539833138e+00 5.261865461071506544e+00
1.488341731060435436e+00 2.108425070491771192e-01 2.630940964406070837e+00 4.579471496041361833e-01 2.649527956335823831e+00 5.018749691010694347e-01 -1.037233260368632670e-01 4.697839847264397850e-01 2.349320595675255419e+00 -1.172435548452142484e+00 1.701195751282813973e+00 2.649868213567982522e+00 7.834398524692680610e+00 2.156420582720063095e+00 -3.849853420679214544e-01
3.501309426559456650e+00 2.148438276156284577e+00 5.388831608716898591e-01 -2.417546114065257101e-01 4.179783897340644261e-02 2.080178916060871144e-02 5.861685674061015483e+00 3.016213462383335653e+00 1.321410878440471226e+00 3.952764497607997196e+00 3.310871050157287776e+00 3.483565597535588143e+00 -3.540719435931653170e+00 2.565402622378134545e+00 8.178632118302466836e-01
6.426935464470456827e-01 -6.962297760265223623e-01 4.626263484644256962e+00 -1.831910594037774453e+00 2.402728820859627579e+00 8.489437533600450170e-01 2.908655934290919731e+00 1.446527648412998746e+00 1.609981078058175585e+00 2.702237204617478072e-01 1.921282427777702528e+00 2.317083323782962001e+00 1.860506474055879877e+00 -3.611103947412069859e-01 3.530034235874058623e+00
2.250041138190235657e+00 2.543679014497947755e+00 2.677031601334563859e+00 -1.137703925682494344e+00 1.386148180752918346e+00 3.147207364857741219e+00 1.598825267991865196e-01 -2.024227376206436002e+00 -6.675179923094998191e-01 -8.512184049040615041e-02 4.687979937612110071e+00 5.183147409936932348e+00 -9.466462845342787924e-01 7.119400328059886540e+00 2.700538672119785044e+00
-7.993219421111763534e-01 2.883346953207112318e+00 1.915365263839858834e-01 2.975171078456321894e+00 7.393533163683572162e-01 4.904040178556660301e+00 2.024130732184138415e-01 2.125296477348937785e+00 -1.932674614173703009e+00 4.534074066920496193e+00 -9.780001190060347849e-01 -5.439254793284087341e-01 -7.340679112514041371e-01 3.416789607713766053e+00 4.283270017924885487e+00
-3.328203413741023464e+00 -2.033102558217917633e+00 -1.379445912731347867e+00 1.374315625082604964e+00 -3.496960937394097080e+00 -1.358620509420997990e+00 1.314595673288527999e+00 2.486319764349904649e+00 -8.853508562343785637e-02 2.536371077195789248e+00 1.028635276546802757e+00 8.991128467285166570e-01 -1.295851428774772440e+00 2.719771292364561166e+00 8.349411181330002041e-01
-3.487347082976160334e-02 3.706986894698515722e-01 1.906561523303091477e+00 -2.810256577850668958e+00 2.331739200558971881e+00 -4.655418169571005294e+00 -5.759544611022714145e-02 -2.012079318735257694e+00 -3.377301766592231136e+00 6.201141517994963603e-01 2.409636779163601528e+00 9.830398538642534101e-01 -3.332178816812918054e+00 -1.496425877484710565e+00 2.754332047306286002e-01
8.846093728339521345e-01 3.072291816999897840e+00 -3.391622654661193836e-01 8.013128764293242501e-01 1.940303954962026012e+00 2.259826822311025829e+00 3.030081191315584732e+00 -9.969674859746443518e-01 6.154456398450070864e+00 3.569497467451928086e-01 8.792295764104036959e-02 1.123456476278048788e+00 -1.131925640467232652e+00 1.612143448121956313e+00 2.180505933321817302e+00
4.926780265433499117e+00 3.035097075122747512e+00 -1.861705519701973566e-01 -1.668969264259974494e+00 4.771219983123562436e+00 -5.153240318828986588e-01 1.222216729753431430e+00 -1.513268201609869301e+00 3.330472746842770282e-01 -2.847942145995875918e-01 4.436860645173838075e-02 4.985223959607585797e+00 -3.849670640809127464e-01 8.227517947137622523e-01 2.196816458084966506e+00
3.882106916943764308e+00 -2.623446160334055755e+00 -5.027124886218353739e-01 9.432402792008935943e-01 1.144791370122592022e+00 1.579305477793249146e+00 1.999495609831110743e+00 -3.072236882119004919e-01 6.492747189372435335e-01 -2.505976422752101418e-01 -1.684624310949698778e+00 9.342204055210515667e-01 5.017820164492406754e+00 1.529990357660814038e+00 3.114086314830231128e+00
2.438619479844983395e+00 3.160859134253387825e+00 2.518671686700769019e+00 1.305966538451467818e+00 2.087243084957757677e+00 1.409616747418858784e+00 -1.701539864969159321e+00 -1.731915515823676310e+00 4.001775150484480292e+00 3.009445376134320504e+00 1.424855360526640524e+00 2.679793576671973820e+00 2.845509625886629035e+00 8.095787341952902505e-01 -9.512278936543118180e-01
1.392106023413047788e+00 1.542960487281398230e+00 1.669221230365223185e+00 1.926450239742989679e+00 1.100733719894214785e-01 -1.298148029179412299e+00 9.485506435634079025e-01 4.270826438855319651e+00 9.281898466613097698e-01 -1.042026184589015969e+00 -2.635756971721844089e+00 2.359245788259171750e+00 5.845102738471915416e+00 3.756115979517624215e+00 1.534228210712077711e+00
2.601691402664833674e+00 2.565397215608678394e+00 2.036193745483337203e+00 1.052222991487685944e+00 -1.115217579282365312e+00 1.554576696390540080e+00 3.284094368312604928e+00 -7.698042902510039420e-01 -1.731390308197438666e+00 -2.727874595818482462e+00 4.223648699772515336e+00 3.126580133130993477e+00 1.104168339173136060e+00 -9.320347926646115055e-02 -2.911533596569578108e+00
3.174160127987872393e+00 -1.256396048199103221e+00 1.727118381700756933e+00 7.079113902351734655e-01 -2.974558615507466586e-01 -4.032313132635070296e-01 1.976843682138505587e+00 -9.301847736811905687e-01 4.931313962774220849e-01 3.816338490015738660e+00 2.948425656598800071e+00 -8.612661296479627859e-01 4.710847135057894874e+00 2.112163290017118555e+00 6.561720643652867224e+00
-1.062212886532567069e+00 1.944078304383777045e+00 -6.301410691494881977e-01 3.688640334621286487e-01 6.970803313307916138e-01 3.839522305735397101e+00 1.243663227032755891e+00 1.045317260714424101e+00 1.268720681141298212e-01 8.878257040038369796e-01 8.949813403940635181e-01 -2.808342944805779506e+00 2.870532778381727823e+00 4.029515621462403274e+00 1.628424248948065589e+00
1.791244592455859541e+00 7.125887297704588397e-01 2.160457352377664453e+00 -2.095457455797012258e+00 -3.350590957127791425e-02 3.709034462980767444e+00 -1.826283929216492519e+00 3.504482428873771926e-01 6.356834833891344960e-01 2.324695950777716735e+00 7.596392428423218157e-02 4.006236011117581874e+00 1.952861184804872918e+00 -2.912009810705595836e-01 -1.513567505698032889e+00
8.778570557649830741e-01 -4.256260987080497382e-01 2.045287220585207510e+00 7.056842777174858750e-01 -3.632560618419253817e+00 -1.819745238330500170e+00 1.466513729021552637e+00 -1.128447537918923604e+00 2.072872735735200589e+00 -4.574534161324542048e+00 1.951897158400912380e+00 -4.416318861041129473e+00 -6.419444987915967626e-01 6.956793084019484708e-01 2.839114369395645543e+00
2.589239385215872380e-01 1.657490619694104161e+00 -1.098828891595744067e-01 9.724874906307144629e-02 -1.795528925540529785e+00 5.736048442387098323e-01 1.911334027356787146e+00 -1.174292216734368788e+00 1.525483581549269552e+00 2.729146329068046772e-01 -1.013226530540676462e+00 8.599357791970156928e-01 -1.282798514795767897e+00 -2.145547079868989293e+00 3.043661549144939804e-01
-1.454044198378320552e+00 -1.071935251893205709e+00 -2.235625236224066725e+00 -2.454302868403825943e+00 -4.983424487569969030e-01 -1.795201360001227986e+00 -2.624279863505471155e+00 -2.117854497560500149e-01 7.430895080171524836e-02 1.389193244124246274e+00 -3.752368947558465173e+00 -1.296589972008342362e-01 -5.581192934178927922e-01 -1.486011490376291100e+00 1.086562021286858304e+00
5.245664228234973026e-01 1.104154771967063464e+00 -1.542176189818273757e+00 -1.805437214665000623e+00 1.767106554737908120e+00 -1.730141090812899574e+00 -4.105569640647197538e-01 -1.239511135449234292e-03 3.047964024123049676e+00 -8.449458361385454586e-01 4.603604385150497080e+00 2.836391379873926866e+00 -2.193987635965307381e-01 -2.749007507998295630e-01 -2.729244278906041710e-01
1.518955385418792270e+00 1.720220447024251031e+00 -6.732463724271197103e-01 2.341357375742563474e-01 -2.704241211266778855e+00 -2.667135570383313947e+00 -1.605653121151508600e+00 5.019764192655202795e-01 -7.563015506654586773e-01 2.031853973315167483e+00 1.604803369101276189e+00 -1.965671926462301711e+00 -3.680838411483034367e+00 1.295974698423151050e+00 2.003112645043724882e+00
-1.557338557119394507e+00 1.040975061742084762e+00 6.966548206631687501e-01 3.549015979375035990e+00 2.700516414342182259e-01 -3.396222701172970204e+00 3.157029356797619535e+00 1.244261091543426012e+00 -1.739784383098994525e+00 -2.086162158291781754e+00 1.962373486327588346e+00 -2.100195979502112120e+00 -1.796445495372009926e+00 -1.898556570337242455e+00 5.039902034221464433e+00
-9.973740274350144652e-01 -1.644250276148520262e+00 -3.238586728333749498e+00 -2.069157490952575063e-01 1.356703197210547829e-01 1.845658628214271957e+00 -1.063639549606482104e+00 -1.352555929341906715e+00 4.488622742484687400e+00 -1.768281913508723824e-01 -1.834811462918510550e-01 2.401111445298168334e+00 -7.898972361854565971e-01 -1.601496038419760737e-01 -1.271252837944314873e+00
1.616132471345923804e-01 1.405267283718397264e+00 -1.896393376151156440e+00 1.508904170966802960e+00 -1.890366991482253622e+00 5.670940217557477681e+00 3.447453186731608277e-01 9.250135586382218778e-01 -2.300714380041459228e-01 -1.669951151165269376e+00 3.365512264859833014e+00 1.292363525147929071e+00 2.568212561276451700e-01 3.965790463660957138e-03 1.986051128607766669e+00
2.481670583870872804e+00 2.539256743691454266e-01 2.400374183379554882e+00 5.546839511552423829e-01 -3.858713445401993347e-01 2.551323263642004235e+00 3.807586349592100294e-01 5.575286295029290295e-01 -4.267875178555067706e+00 -2.267016868453057832e+00 -2.328862457781691653e+00 -2.967647700877460992e-01 -1.870921147687375052e+00 -6.867286895346317310e-01 3.864335521808218488e+00
-2.607376704459928529e+00 -2.438677361321937465e+00 -3.087366414224695932e-01 1.386116676944398218e+00 -1.460975823498098736e+00 2.442878156972966952e+00 -5.552335338640138618e-01 -3.015306393656204786e+00 1.532013857444181948e+00 1.272783146278869015e+00 3.975718871706139801e+00 -4.705599432517729164e-01 -1.928101237757634812e-01 2.013052866295535370e+00 1.267580265832181086e+00
6.136423545219995113e+00 9.544687209458835309e-01 -5.780504292332047100e-01 -2.896480326205477240e+00 -2.392455261737257644e+00 3.727937520732455656e+00 1.015488538491861492e+00 7.261803033508908989e-01 -1.377142024644468332e+00 1.195892627062555835e+00 -3.961871754348156305e+00 7.206408424113792677e-01 -5.720748611925403182e+00 1.534590646391655433e+00 5.433279632135137760e+00
-7.136323353507079137e-01 3.349723078671611010e+00 1.839597563863196450e-01 -5.819119564822662349e-01 8.268656180677578238e-01 -1.351116951849652859e+00 5.425328156525631718e-01 8.087020694842836921e-01 -3.448302314495707011e-01 1.375676010098551005e+00 -5.766964680714008473e-01 -3.427719342772660160e-02 1.950318783738321793e+00 -3.632512927903643885e+00 1.276313619183567116e+00
-1.802495546936107695e+00 -2.306855318442427583e-01 5.380512801056170913e-01 4.309853606630824063e-01 6.551856179273694014e-01 -8.488334893924688318e-01 5.140327789656130575e-01 1.194776132711912631e+00 -1.869210767325788503e+00 8.880290075681382955e-01 -8.463734084714570616e-02 -2.732860179024330982e+00 4.983478924658361287e+00 1.634817932483776382e+00 -5.158591834904784790e+00
