2.586439627329493618e+00 3.661152157033859211e+00 1.104484603723313141e+00 -5.913127586478282849e-01 -1.690328905770309920e+00 -1.045453877569278989e+00 -2.331217465760310414e+00 -1.115563580933033094e+00 -2.553798129217764057e+00 -9.787023291690816196e-02 9.512773970756159825e-01 -2.748863706341589719e+00 4.950008997739391958e+00 -2.248760004905526522e+00 9.981431386691146102e-02
-8.680290317721657267e-01 2.224690074134379802e+00 3.429096986564471372e+00 9.945125486585857377e-01 3.433436886094791696e+00 -1.099424023693924279e-01 4.343583919191063458e+00 1.225795464433248272e+00 -2.169361002182458864e-01 -2.157181808475165496e+00 4.042881453722285023e+00 -1.576659186269380175e+00 -3.620335987629001995e+00 1.953552868347837146e+00 2.467058694618008641e+00
-2.149782424447249873e+00 -8.152043182204358196e-01 -4.765435440518441812e-01 2.319503253249570296e+00 1.011716486740963372e-01 -3.997731578921355666e+00 1.529327485019066346e-01 2.758964038044849687e+00 3.999263037699178458e+00 2.853954188554662874e+00 -5.845215733584286255e+00 1.210538098664504236e+00 8.092867316118393939e-01 3.908735166464977762e-01 -1.984208077214464072e-01
4.794871978717412553e+00 -2.151355648222725778e-02 1.832884244300844623e+00 2.571408607241631117e+00 2.443433116164045238e+00 2.002812674388345204e+00 -1.040381479565326783e+00 2.221954466130213746e+00 9.290584892395546968e-01 1.885881832717609674e+00 -2.344756258605020349e+00 2.814618156024522033e+00 2.910927115065620630e+00 -3.866288006378780118e+00 -2.840867782941423614e-01
1.227250834743111862e-01 1.425023580655115474e+00 3.274959629026811037e+00 2.480929167468690633e+00 -1.110773390182555831e+00 -7.860288004364015535e-01 -4.116910244564250476e+00 -8.734962614382896229e-01 2.638532261674669810e-01 2.995526475813021339e+00 2.127037957672794910e+00 -1.751569672928790178e+00 9.974600821738127676e-01 8.711465948562537864e-01 -1.715377434346665453e+00
-1.431391884897232014e+00 -1.620266750177652704e-01 6.786270579894162491e-01 -2.028553242261419420e+00 -1.571895084094746986e+00 4.934907839801130347e-01 2.923923639596343715e+00 1.135644606415025626e+00 -7.676884558473626718e-01 2.059707254147310707e+00 -1.268127981049512520e+00 1.791514695054037709e+00 1.996839545531053639e-01 -2.167544359023836353e+00 1.425504797647357602e+00
-6.198324664149769125e-01 2.354124527372381870e+00 8.385097550381787057e-01 5.324615181029623834e-01 1.164478168857559393e+00 -9.325510595606161246e-01 2.257571394264846099e+00 -9.891335490155420684e-01 1.056858235746321872e+00 2.960010393255092076e+00 -8.292025512908112184e-01 4.621007485274443383e+00 -1.170601119501719412e+00 -1.987315388630391366e+00 -1.449113360443882392e+00
-2.735020701958899500e-02 -1.036509016427716867e+00 -2.445284330338671541e+00 -3.854538982793745960e-01 1.801472286831670822e+00 1.671943154428129574e+00 3.674557895535453533e-01 2.674448633202170522e-01 -9.773854914208813804e-01 -1.268240343377143309e-01 -3.429599830725161835e-01 -3.221840462008240813e+00 8.741478722881150798e-01 4.169120677782307105e+00 -5.527150194978007747e-01
-4.098752138386439370e+00 2.686246666411848949e+00 2.146861557416401833e+00 -1.408237685832677277e+00 -2.287426285371009449e+00 -9.177845311011972873e-01 1.167531553617234596e+00 3.082724541391179685e+00 6.142234093386985672e-01 -1.662002069218349920e+00 -2.877344311591805148e+00 2.970391675808988996e+00 -1.168881013020728110e+00 1.180152812146635144e+00 -1.309643447227547330e+00
2.439279554708479125e+00 4.729504603108049210e+00 -8.686921899078592357e-01 -2.480672558827319740e+00 -1.026983873275794323e+00 -4.956005274575803199e-01 1.567971375152036995e+00 1.480080953003299005e+00 3.073217142578196226e-01 -1.107798728727171333e+00 1.810142969885200959e+00 1.444494091497899868e+00 3.602564346582914467e+00 -1.609538756194519582e-01 -1.922984238467071005e+00
3.817292400814377151e-01 4.904380149631578090e-01 1.518918508292929292e+00 6.226319737885727124e-01 -3.677855000024177756e-01 3.197754109533363476e+00 1.192516278336777535e+00 -8.702361542242296188e-01 7.458077602307412735e-02 1.502954950224326014e+00 2.295072688638963854e+00 2.881483731918845326e+00 -1.320626231199280243e+00 1.093299964818158276e+00 -1.690940250439516346e+00
-1.921032924210295478e+00 -2.039383562657202553e+00 -9.361250776208821511e-01 -1.021489686103888905e+00 -4.054541048868321340e+00 -1.846510160989331059e-02 -2.549589935694398957e+00 -4.545030255902064720e-02 -3.143080438897629669e+00 -9.275332500302423400e-01 -3.210607349483625139e+00 -2.053294092837907758e+00 3.166340677370266921e+00 1.584003232914868775e+00 -3.995974453482435074e+00
1.120247444635942724e+00 1.238079075801246098e+00 1.146091193792000196e+00 -9.448118520359882755e-02 1.378414434048427895e+00 1.598315316235043582e-01 2.176511328839497939e+00 -1.747732275507761779e+00 -1.262398079282543550e+00 -1.561313663142910757e+00 1.640155442600646607e+00 2.018144831019191621e+00 5.402776382817480183e+00 -2.963224453610913689e-01 3.944743536890950697e+00
-9.606563733223955071e-01 1.966553696648087657e+00 -2.149379217077008075e+00 -1.104810069531405592e+00 3.119953338159486833e+00 3.682789579466662300e+00 2.013925665946834975e+00 -1.374358893740654342e+00 1.498545878062314207e+00 2.756713363403099581e+00 1.305995889645635843e+00 2.336342463968348770e+00 -4.233151259718354709e+00 6.775697082244589442e-01 1.765133628458849913e+00
-3.516252932899373018e-01 1.999355371469925535e-01 4.176406136604328134e-01 4.087328194723607311e+00 3.222406113193861721e+00 1.198084043944379617e+00 2.312740468631588442e+00 -3.248537004425611219e+00 -1.342197400356278214e+00 2.117109666222027897e+00 5.432298417409898050e+00 -5.188797080340814549e-01 3.410762465427856771e+00 1.734617525118273162e+00 5.411780211112619199e+00
-1.490487604770107444e+00 -1.476591129882679487e+00 1.074533503743154705e+00 -1.178310909369793436e+00 -1.716151540107290485e-01 7.755195786418507264e-01 4.887696799366968214e+00 -1.250484142238523999e+00 -8.937638352854335722e-01 7.298979239613687664e-01 -2.363217774185195352e-01 -1.433713701554821363e+00 -7.710739725251604115e-01 -3.650705672937237356e+00 2.916545588192728466e+00
9.496513051311537001e-01 -1.888940297425802273e+00 -1.173163929030024200e+00 -1.766123160132755110e-01 2.630438526593259496e+00 2.057858930886630855e+00 2.563321408553603797e-01 -3.671935944589009182e+00 5.383243573327159970e-01 -1.551067648930932519e+00 2.132732246315130364e+00 1.022340801886325368e+00 3.695612160004437374e+00 2.495627687246196658e+00 2.968019627547593853e+00
-2.343993197174577769e+00 2.851993978468154722e+00 8.510688588121386733e-01 3.895410757604976237e-01 2.066582604818926860e+00 -2.685944087482297071e+00 -8.652416767775001905e-01 2.197500422426150735e-01 1.353628645439193923e+00 -1.559575043318230270e+00 -2.302105323964825256e+00 6.278310087213961888e-01 3.721521464491436948e+00 1.146419525060290434e-01 4.809993591334194463e+00
-2.561261213031379214e+00 2.243315007482282741e+00 -8.383626147026123077e-01 2.462328244163939139e+00 5.760364458285762712e-01 3.485349671769777835e+00 -2.557788648842278967e+00 1.517772211226829038e+00 -1.588012757332297520e+00 1.220653028919499228e+00 1.223745067033168432e+00 1.116809515945969222e+00 4.429061982232065375e+00 -3.174138722052210593e+00 5.066545324900396885e+00
4.460959748780988221e+00 1.084485537758700824e+00 2.764075499239110112e+00 2.142821904955437340e+00 -5.231809364326204026e+00 4.121637002517914539e+00 -2.256736036050670968e+00 -3.582485580591971974e-01 8.615360512738420296e-01 -1.966096788196074197e-02 -2.131248798225641394e+00 4.034945316946280336e+00 -1.722988728304071016e+00 -1.122291796773483341e+00 -2.196093378325270074e-02
2.441581949220284820e+00 2.020230646827303023e+00 -2.427184530857559586e-02 1.444136880353056318e+00 -2.812660087089560612e+00 2.631832331993978480e-01 1.411978337634530734e+00 1.307127598113020817e+00 3.204405036747348667e+00 3.683193454038806158e-01 -6.458615755846268680e-01 -8.501346556287677769e-01 -5.852716690130971289e-01 -1.100902926350260991e+00 4.370845616916847476e+00
-1.541467960537959536e+00 6.274381351665785367e-01 -2.428831939924698258e+00 1.346132874943964053e+00 -1.649796432410534308e+00 2.599178633211120637e+00 2.514176826656271846e+00 1.149402411233689580e+00 1.264512125679095877e+00 -6.325314515278576799e+00 -2.084124663508245767e+00 -7.857367133104602441e-01 9.235490203963587774e-01 -2.062238187875120143e+00 2.956221581445614532e+00
1.479831889696351155e+00 2.087136463070562442e+00 -4.585533161077697262e-01 3.285647877304417541e+00 3.917825458314065368e-01 2.971304236799990672e+00 1.640113900097724065e+00 -3.603766588700065276e-01 2.768246986971778067e+00 1.850358549595421120e+00 -3.269176795178038025e-02 3.802778893364475166e-01 2.440336975270147590e+00 -4.501999578898880916e-01 4.006907915858719527e+00
2.744177887292184259e+00 -7.994603287471754305e-01 -1.131783684230936116e+00 3.057709155422362324e-01 1.353737249133498688e+00 1.396260006481078841e+00 -1.398973058507960499e+00 1.781220878308668265e+00 -1.274064845017917946e+00 -2.316158177411757446e+00 2.233665406498348549e+00 4.961208784356121448e+00 1.458421120308142083e+00 1.960861891146330471e+00 -2.901606718598122914e+00
-3.766149765546010220e-01 -1.356340149093789638e+00 -1.627606710132577961e+00 -5.246506020963538353e-01 3.144141803634131982e+00 1.690693765180707686e+00 -1.461387006562228308e+00 -1.529421210781030105e+00 4.139818000477267113e+00 2.557029284915369960e+00 6.591646099654711044e-01 -5.291471982541399166e-01 9.951335138920663903e-01 -8.492603837935821520e-01 -1.101636696721734143e+00
2.697879706996931137e+00 9.443695676185779320e-01 -1.072552008114719513e+00 -7.801273369700001403e-01 1.945639436932512956e+00 1.114375031927419046e+00 3.474357214237975278e+00 9.860642465226023834e-01 -2.293846244239265530e+00 -1.023001537764709923e+00 1.418318411050222272e+00 2.217916048398599904e-01 -3.501663809545471628e-01 -1.710199613040033650e+00 2.665981749489428065e-02
5.638339209097200655e-01 7.776487700020703331e-01 -6.899465556491815033e-01 6.289448557955175101e-01 2.672094609983293179e+00 -2.843231328472285435e-01 2.878079695122608861e+00 8.502780227201605090e-01 -3.085115780572885491e+00 -2.214749007247369228e+00 -2.587664830814235262e-01 2.758622173484261086e+00 -1.934452306783906783e+00 3.578459092035105371e+00 6.190354746810972086e-01
1.721843860663006653e+00 1.021413233682245458e+00 2.294048477248785467e+00 -9.004631691624576106e-01 1.849795888201697380e+00 -7.275163784721019766e+00 -3.440298802773298359e-01 1.520027006940799286e+00 5.499734266406577365e-01 1.947446547588586929e+00 2.756452461371702856e-01 4.879858511142945332e+00 -1.499873311315558677e+00 -6.668470875432699341e-01 -2.582116441745848867e+00
3.585690698696233358e+00 -6.833766745947890131e-01 5.384628033556214000e+00 1.006189217595566676e+00 9.202974967016119834e-01 2.246082929818728591e+00 1.705057414452210374e+00 3.169219691106081704e+00 4.929649363837043552e+00 3.315092925179670136e+00 6.379932522951758500e+00 8.555274636358698448e-01 6.795325993325683100e+00 3.293149793002537074e+00 1.030761341402522469e+01
1.911212629029000576e+00 4.169399112515857375e+00 5.666673445596302372e+00 5.987052372912754272e+00 6.423838056739499258e+00 2.618663995244144282e-01 8.684774738898244806e+00 8.671528054407103170e+00 5.860879747725325828e+00 8.214951780044790652e+00 8.996130696636184254e+00 4.758895992271384046e+00 4.665725029778249322e+00 4.820925094952564827e+00 9.220521552604154181e+00
3.866272881796679162e+00 5.609284781282185328e+00 8.750026806857988504e+00 9.634507194473448166e+00 1.203069135122664512e+01 1.096841735487625336e+01 1.412330617955041312e+01 1.081939702163535344e+01 5.773624422443315751e+00 5.080745529976069541e+00 6.447240627725778772e+00 5.496079025448242561e+00 7.850363036904713709e+00 7.304043618575283503e+00 7.335876382839928489e+00
-6.657753341392159685e-01 9.108995384626403791e+00 6.317880541353317447e+00 5.870885143392148287e+00 2.691043549479576580e+00 3.917786793520486865e-01 5.419036573228961373e+00 6.806550914955287190e+00 7.937308696315914958e+00 7.365526394823953993e+00 6.078806441981324582e+00 7.807876021702508496e+00 8.079262241739058936e+00 8.854768868858895914e+00 2.045300746010077386e+00
6.584405963110484095e+00 1.044783387789650320e+01 1.152562605315692856e+01 1.331303804189964701e+01 9.465157702882487811e+00 9.300560401629946128e+00 9.304509393915873616e+00 1.086962281891954873e+01 1.471357602945971621e+01 1.665690808706985848e+01 1.517310387035890429e+01 1.473390129417030181e+01 1.004465736572004531e+01 1.106250410391676908e+01 1.251704062427144493e+01
5.880354076871785907e+00 5.959700570728549529e+00 3.569083229294893300e+00 5.959434970466520376e+00 5.226055470198874175e+00 4.927480888836867301e+00 2.546360580786037886e+00 6.117359471314957275e+00 7.568752299089374524e+00 8.854624385519366925e+00 9.263420260482401858e+00 8.366403136578957955e+00 9.958806069199468425e+00 6.270702666081004573e+00 8.914318045491683051e+00
2.688952031045539481e+00 7.132278529459357586e+00 4.709361178821427352e+00 7.332897173758743392e+00 5.450330203152915942e+00 1.066438522404014400e+01 9.617725055349339414e+00 5.604993258838427472e+00 8.628324152731600805e+00 5.195111072932816931e+00 2.209759864674969876e+00 4.488626822301863939e+00 8.778347438142894532e+00 7.965145958971071138e+00 8.489742710026378703e+00
1.045258051019293255e+00 4.709662591673732912e+00 2.958331482461389772e+00 3.130903258530825184e+00 4.346495824400840924e+00 5.145518932222623576e+00 4.639274297502623767e+00 2.985411150604198927e+00 -1.924381748683715726e-02 1.959246011568449020e-01 3.469989848045327729e+00 4.496427888799242822e+00 3.898822692464557704e+00 2.002774654423732592e+00 7.105393942629008919e+00
8.053041023204979831e-01 3.354718394870717657e-01 2.014621145856683171e+00 1.602203845357507914e-02 3.972803860257371866e+00 -1.817778304348508511e+00 -3.614750774984191312e-02 -2.139187838848735090e+00 8.959298794973423741e-01 6.295727197328817581e-01 1.684827387168454926e+00 -1.299401878642802322e+00 4.092241499896588586e+00 6.371825388333854256e+00 4.056472166065024254e+00
3.129269617637459699e+00 3.011368405244949198e+00 1.972824206958698090e+00 3.400862594688248475e+00 6.968484985155694034e-01 1.646842691739826003e+00 5.950509719185579804e+00 1.397339251417646144e+00 5.701998619538876767e+00 4.428915318436922099e+00 5.929124291659349844e+00 6.127813068231741767e+00 6.852999240024223226e+00 1.027029548160539285e+01 1.365022071335953768e+01
1.526513909592627449e+00 3.694389090098240569e+00 8.272566144069694261e+00 8.084966922579434723e+00 6.314154120706472639e+00 1.402384808320527121e+01 9.227721338239634363e+00 7.247009799790696150e+00 1.209216375312636060e+01 1.483462797133143773e+01 2.233746154903956338e+01 1.019639811923432404e+01 1.726643081027716065e+01 1.406341316845065670e+01 1.634771869915201847e+01
2.483498886557297780e+00 1.365989847500764576e+00 7.122410448518935233e+00 5.833027898445261705e+00 7.157443521262889519e+00 7.155770336048599134e+00 7.154391911629509160e+00 9.532534091296033907e+00 1.242535799085131742e+01 1.743089421006582640e+01 7.479236077557665396e+00 1.353558222790808685e+01 7.383289626832366892e+00 1.260233070278594525e+01 9.233904824261703226e+00
9.982741020858510339e+00 1.362387494295410839e+01 1.577713079828428278e+01 1.052959684580328314e+01 2.264766746103127204e+01 2.426651520725562960e+01 1.859339269112492588e+01 1.942842710406556961e+01 1.511559327692826393e+01 2.276757800580260138e+01 2.313977172635474133e+01 1.226255522946978260e+01 1.714014336287031526e+01 1.006604663269839683e+01 1.345687447588474228e+01
9.559514975319961749e+00 1.551047549039423679e+01 1.707352226341656021e+01 1.815056470807109434e+01 1.770095015485164325e+01 1.008605107294722636e+01 1.424616669066232610e+01 1.595662156861010139e+01 8.556136916594189401e+00 1.226265499594762787e+01 1.355917823431929925e+01 4.244766746989417250e+00 3.153584284395660298e+00 3.902566253240087768e+00 -2.215516840759561568e+00
1.374347004458985033e+01 1.202296701806393386e+01 1.508460366846210476e+01 1.344796070872816252e+01 1.011560488169335592e+01 -3.859268716703267987e-01 1.061129846888530359e+01 7.161471825660013835e+00 3.125399405869421443e+00 6.700010521434875521e+00 7.539679503185302778e+00 -1.870273613720891404e-01 1.182626032713379960e+00 3.904315924653606107e+00 1.357957165824849266e+00
4.544867636112676301e+00 3.750474504826724953e+00 5.372829393548681054e+00 5.966381821526705043e-01 1.073884661529088680e+00 1.269052301956304474e+00 2.410439629001582151e+00 -5.412238241504577774e-01 3.147007030561474128e+00 6.501688314062075591e+00 1.182763963884430325e+01 5.365390953105633187e+00 5.112443056760890059e+00 5.505435809308290018e+00 8.013179694347359217e+00
3.358503989705452941e+00 -4.514722486821932668e-01 4.471260116504702786e+00 5.651273436522643578e+00 2.220957981038278906e+00 1.059770223487243257e+01 5.441051195765169268e+00 6.464529551500802107e+00 8.192672480299105331e+00 7.354174235484456368e+00 3.999691807085791861e+00 6.530409927511111157e+00 5.828875664953089064e+00 5.790990553530654950e+00 3.457533706506863425e+00
8.180512562087217887e+00 5.018577146037627834e+00 2.129970913140297295e+00 5.303881994983886905e+00 5.094420683414920603e+00 1.116458598698735649e+01 2.902926432774040499e+00 6.007191596323220306e-01 2.086883524332898698e+00 -1.526350279950374755e+00 -3.301197394711976152e+00 -9.139446550494625399e-01 4.261090423989343789e-01 2.847840299769590633e+00 2.486042090245986991e+00
5.449973627093609441e-01 4.351960326252745648e-01 -2.582026423724237851e+00 -1.361511945535971213e+00 2.907517243294016840e+00 2.733514800210260276e+00 1.785879707760642976e+00 3.722470325504857236e+00 3.609438626644677850e+00 2.312243590310022245e+00 2.156168274296035303e+00 4.215419463585805104e+00 1.509842178235544230e+00 2.116443163236993552e+00 1.530384747891674335e+00
-4.104232402916118128e-01 1.062561257728343422e+00 1.657434677112886057e+00 4.395998237079417947e+00 2.369201692078624077e-01 3.263744007994990870e-01 -1.770471088511849089e+00 3.352361461561544687e+00 2.933274702949955071e+00 1.858615700502576518e+00 8.476768052100460693e-01 2.808281489677529663e+00 5.830813603807095680e-01 3.218706144025818894e+00 6.072198464637380333e+00
3.296472563426581015e+00 7.732491567466714955e-01 3.390471778964763594e+00 5.388391044084265280e-01 2.936954712137644474e+00 5.106897140121875900e+00 4.129544827957531972e+00 2.831846519300886378e+00 4.070240937201803355e+00 8.639745244258301149e-01 2.372266631873634513e+00 -2.174106139942562965e+00 -1.350375660545483747e+00 1.010876464434751876e+00 4.029337297353242420e+00
5.153401710955933801e+00 -1.774569344448295727e+00 -1.162506447339413107e-01 2.740022002281671809e-01 3.799194358606985844e+00 2.186114277377434689e+00 2.475329360636320697e+00 7.229742982119250483e-01 1.904005733804553957e+00 3.830818116031725395e+00 4.627599666540235468e+00 -8.060252600897255260e-01 1.327532978583773060e+00 1.144247262335712279e+00 6.699322452198043898e+00
-2.313592146116840720e+00 -4.035441066135628807e-01 1.141403599515315559e+00 2.396456261093592666e+00 2.250126430886667972e+00 -2.808992644674472849e-01 3.883197760704642398e+00 -2.137548835311651185e+00 3.392361341045798534e-02 -2.892661187019411440e+00 -1.904759391943094737e+00 -3.700681008577423603e-02 -1.915007947187190585e+00 9.279258993223697960e-01 -7.628834937033803776e-01
5.044103177618871392e+00 -2.207024994004832763e+00 -6.350587465126551756e-02 -1.084322309222568864e-01 1.410667117182262675e+00 -2.483888658640355462e+00 2.065622304963215417e+00 1.800210049727104744e+00 3.277613132788359973e+00 2.449725354536564648e-01 5.040590200054815284e-01 1.307869932497132126e+00 1.087052027247100705e+00 2.429648542010694801e+00 1.723563621552310687e+00
2.662377151478666271e+00 1.785127482128288312e+00 -1.021238514320062629e+00 -1.135038870659623944e+00 -2.346618982216840177e+00 -4.522894457829348625e+00 3.264600504397002556e+00 1.386166730831824179e+00 2.471832337600952112e+00 3.355662188424444636e+00 1.075484976744557342e-01 -1.096387613144099271e+00 6.165146700381121114e-01 -7.177348841011947922e-01 1.571790952819354104e+00
3.678291466575720481e+00 2.657748153639197586e+00 4.489674873454955195e-01 9.204766873883559741e-01 1.901658535606686184e-01 1.093274313597312197e+00 2.239313232473855830e+00 3.055954698483565934e+00 -2.060209098143165551e+00 2.969687045646094870e+00 1.409127950060035106e+00 -3.469136654384651769e-02 -2.994331098242271061e+00 8.684305590881340464e-01 -7.826201953333805861e+00
-9.223682335762424245e-01 -2.848763917673846624e-01 -1.588340805097070707e-01 -6.908106948131981229e-01 9.530559341317403899e-01 -3.441692638767052337e+00 2.476619376966533725e-01 9.545727021176021732e-02 3.531682621188526383e+00 -2.333242071486493874e+00 -2.038265938795366328e+00 3.160821748401469566e+00 -3.544693805480170212e+00 3.430927005977893351e+00 5.638447823928813385e+00
2.877822344548674138e+00 -1.111914550280844072e+00 1.561391969430859561e+00 2.015563690677498521e+00 -2.689512853168534168e+00 -2.732596489004024853e+00 -2.968567223089213503e+00 6.575054607555688158e-01 -8.487959460342433538e-01 4.540161614338049212e+00 7.480292437016864415e-01 2.255543378268710097e-01 1.337729440054055363e+00 9.791419725694359144e-01 7.995248804392874886e-01
-9.081513945257796427e-01 -9.766720969221890369e-01 -1.919713683732173770e+00 -3.417574212271624834e+00 2.322156426375630855e-01 4.504068484260883132e+00 1.254891043071639789e-01 -1.147430895325733058e+00 4.492848330064416196e+00 1.036617159849707592e+00 6.061505061126896132e-01 4.532396000824135740e+00 -1.617533336789674925e+00 -2.309943983162391912e-01 -7.896378421467429298e-01
-1.968214327652971107e+00 7.944022576921438983e-01 1.864993437799945752e+00 5.306399370990581843e-02 1.111313219492886528e+00 3.499115548019977151e+00 -1.678841442081971946e+00 1.657603644197652715e+00 5.089058559578263363e+00 2.239281016969702165e+00 2.740755692725658221e+00 5.080070364913137126e+00 3.883217952985318355e+00 -5.125014541642570753e-01 3.476314736979224107e-01
4.245626178077950841e-01 3.729926850916397196e+00 -3.737391213850156824e+00 -3.389378158536725527e-01 8.965292603473264954e-01 -7.209887231160598375e+00 -1.356431380272442366e+00 -1.395430360767018874e+00 -5.361986478663785860e+00 4.699429026395359088e+00 2.005633216485203096e+00 -5.855587070183005949e+00 1.864760930742805078e-01 1.657072314843816840e-01 -3.575362833633865645e+00
-2.838244442003977408e+00 -4.531773060721917545e+00 -1.965831305813218854e+00 3.145319244549106052e+00 5.721769197732173851e-01 7.030090352057235314e+00 -9.211383924218351504e-01 -1.134325338788278348e+00 8.764399222245203847e-01 3.358949811535889562e+00 -1.952073878432139808e-01 3.482891296413914706e+00 2.760943022139774161e+00 4.690158320327965313e+00 -3.954938178991771469e+00
-4.106957807135297678e+00 -1.665622086237476429e+00 -8.158337440400067475e-01 -2.413020308606080633e+00 1.888210528706423030e+00 -7.716925909789871696e+00 -2.455958048555845874e+00 -6.174030085415316282e-01 1.403879214053617985e-01 -3.410493936215798882e+00 5.285777195501045744e-01 -5.871380565572036581e+00 3.229292599442981970e+00 -3.227643717028917614e+00 3.757133424647171593e-01
3.241848872373119583e+00 4.356192229185912312e-01 2.524957959755401049e+00 -1.922321915475198706e+00 -7.614822217168345508e-01 -3.185927222824437965e+00 2.110374305933842842e-01 -2.075701957740839099e+00 1.466408750754556234e+00 -4.496204445013754381e+00 -7.710070953230734325e-01 2.067123218459256506e+00 3.745038829011676729e+00 4.453281963137956656e-01 4.185413678408186122e+00
-2.082334074553012115e+00 1.350503525443887964e+00 2.696341575216898434e-01 3.383881255710619040e-01 -2.397309796895418010e+00 1.815208504698416325e+00 4.954270351163267971e-01 1.919074167064767078e+00 -1.307083055998086607e+00 4.193279408494697158e+00 8.598933265085455524e-01 -7.696416682994479397e-02 -1.383842426854687391e+00 1.309706327912163237e+00 3.897054520901142460e+00
-2.789347666635686007e+00 -4.432188582002801192e-01 4.572944267572476296e-02 2.203372794362935816e-01 7.634850263716287389e-01 1.128847079709756729e+00 -4.300268277478127010e-01 1.584475036681386451e+00 3.719748853367401686e-01 9.543512102572108136e-01 8.471506637134212925e-01 -1.979531415294157881e+00 1.990373580064647430e-01 2.492432344035341085e+00 -2.947122220624442512e+00
4.827012154077843231e-01 -1.904819253761237619e+00 -2.922507791961918566e-01 3.729483997307374121e+00 2.924043597638274594e+00 1.279138528926987428e+00 1.459613351526634073e+00 2.346077015608920124e+00 -1.651076348001728089e+00 5.207734687084255576e-01 5.036461075291998490e+00 -1.174776276893953808e+00 3.797117756553356038e+00 1.131053732352445967e-01 -4.481656240751645370e+00
-1.829158931064547522e+00 -1.620563875377723395e+00 2.200272706446512405e+00 1.688037029406454392e+00 8.928259048127622499e-01 -2.394951221432437105e+00 -2.731970409584028037e+00 1.786387853955690774e+00 4.737688460501320031e-02 -1.403212550342339604e+00 -5.165255564597383220e+00 4.273615678684609342e+00 -3.291728800815294509e+00 9.026296235827897529e-01 -4.561538452523844711e+00
2.341469118974633390e-01 1.718748092304763331e+00 2.047140561108546641e-01 -1.475470565735754525e+00 -3.684208621383530335e+00 -1.054384921979284684e+00 2.141312071756977353e+00 2.605348855271098607e+00 -1.419148349841256040e+00 2.496618718624860289e+00 -5.628651062511148828e-02 1.342827008688414203e-01 1.393182641541087952e+00 -1.002407786634142539e+00 1.516780757197754959e+00
1.800662988108967966e+00 1.450196206845351776e+00 2.064083329321235727e+00 1.616263031315915977e-01 3.662496033207016111e-01 1.431634109070233363e+00 1.582915698781087732e+00 6.938987786432075922e-01 5.620918123096594332e-01 6.285828080497967818e+00 -1.303033250772780982e-01 -8.274066408279829865e-01 -1.056795007210022508e+00 2.836585371803061140e+00 2.742905189463076265e-01
2.041984884585780424e+00 2.321221387500060462e+00 1.551677139175926756e+00 3.119645084867247675e+00 -5.929830144972292327e-01 1.169109179533903919e+00 -1.574654924395580746e+00 -6.637730741973512094e-01 1.023650928321648168e+00 8.526344897237636555e-02 -7.635191004498793899e-02 2.791425190135853995e+00 1.968453396002402433e+00 1.164215944984591911e+00 -5.740041036027731636e+00
-1.961657239116385121e+00 2.522530438044185086e+00 -7.718254286417198795e-01 -1.046174894808227895e+00 -4.556941083202621812e+00 -8.836866375102833682e-02 -2.208238843827736719e+00 2.011696256693976670e-01 -2.045088289514463309e+00 -3.250253430103285934e-01 3.837990938436997901e+00 1.964758383182813262e+00 -2.094984167517252249e+00 -1.649660537156320828e-01 4.105844979424831287e+00
-6.896081023610189042e+00 -3.830256102601976131e+00 -1.558144676872487977e-01 2.984323134967880264e+00 -7.212145157391285366e-01 2.767408377891527937e+00 7.241911490790369221e-01 -9.451979839326122290e-01 2.828128895469780302e-01 3.234292655269146000e+00 1.654716013887270964e+00 -1.023332527182100327e+00 1.936943612382202140e+00 2.785754008334916598e+00 6.042136167606738661e-01
-1.228027849643342551e+00 2.354697266298175495e-01 -5.739593706057198874e-01 -1.503658611524225863e+00 3.123340040055120337e+00 2.855886644819726872e+00 2.051396816828873426e+00 2.002420931387825842e+00 2.515605633132909080e+00 -3.361010178168466478e-02 -8.087529018883709009e-01 2.956394532716701384e+00 -3.302099798635621752e+00 2.257447926258514759e+00 5.728954945210708027e-01
3.680356844501064817e+00 2.367383540557361332e+00 2.178190869934920837e+00 3.679339823717724833e+00 3.416442681643144241e-01 -4.614430007661717292e-01 -7.114627382060600969e-01 8.839976434920253368e-02 2.662654650533277323e+00 -9.342479139023534759e-03 2.109324789376545883e+00 -3.882708401580566848e-01 -2.121158545603569756e+00 1.345097711655531159e+00 -3.347892442919927491e-01
-2.115561951068861468e+00 -1.098264595409588651e+00 6.401315964421726790e+00 9.194632384504580758e-01 -1.044482748588732912e+00 1.004910564119367439e-01 7.531181362161393222e-01 -1.733080186466041450e+00 -3.237766496027705884e-03 -1.227612989502872010e+00 -1.056412393134210426e+00 -2.898059508143462804e+00 6.380116996355592596e-01 -1.948303160856934557e+00 2.370981047936888242e+00
-1.059643843937881904e-03 7.283400006154611139e-01 3.424462936003214608e+00 5.580618432523778427e-01 2.106333279664382108e+00 1.236127802513661972e-01 2.704955927935258408e+00 1.209483754156572388e+00 -8.418672869034857786e-01 4.071141249109828664e+00 3.168638206844637928e+00 5.346220543510969980e-01 2.613643765528871121e+00 -1.515793484161345628e+00 9.790800555688180529e-01
4.906002525992613883e+00 3.871055764741854865e+00 4.568477835103063711e+00 3.034117435216450165e+00 2.302077817558183082e+00 1.141969069227180666e+00 2.204084778583437210e+00 2.511386874832466809e+00 -1.059219223293780127e-01 -2.693738262349115953e+00 2.586836160798697826e+00 2.709944039895073598e+00 -8.834166226507852437e-01 1.813824045556568398e+00 -4.151254610380475718e+00
7.842272972835473421e-01 1.135680958329134294e+00 5.400555941988156583e-01 -6.993911562155153971e-01 -3.253738858986585658e-01 2.349567162349972094e+00 2.419341260310246433e+00 1.479189815623048965e+00 1.824794788637640608e-01 -7.216455821328608966e-01 -7.048525947374962852e-01 3.975049277036839968e+00 -1.280276720668382939e+00 -1.740554933743579502e+00 -3.996403083805160072e+00
3.804232634784077582e+00 2.186950886195519583e+00 3.516703452026844090e+00 5.081273151579694947e-01 -3.742132761814116026e+00 4.202301916784868752e+00 -5.040985717652199938e+00 2.239545158093822153e+00 -6.850988691617048154e-01 2.040606956386893156e+00 -2.234675136405910312e+00 2.720588649714957175e+00 7.247259717817027269e-01 1.020741109198132879e+00 -5.325178309283126188e-01
1.233350465862948830e+00 1.473889657125042607e+00 3.492178156222628393e-01 1.625552541362318693e-01 1.650437375842940257e+00 8.262979387450899438e-01 1.528716873101715334e+00 -2.653781053641543486e-01 -2.311861397227144010e+00 -1.729828927972516306e+00 -1.078475722379005575e+00 1.226391501945237383e+00 3.573690254582802872e+00 3.373591809829714183e+00 -4.677658718157631235e+00
-2.639216940820575119e-01 3.940685849478954061e+00 -5.809528075998584562e-01 1.029818755387529761e+00 3.135792591979611466e+00 -1.250133255839824375e+00 2.520464669293918103e+00 -3.186146236974169432e-01 7.480630378787713752e-01 -1.760528003741682834e+00 -2.152848960796415856e+00 4.276497591712029589e-01 -1.862123598062501273e+00 -7.572889321007406083e-02 3.138943440188818990e+00
1.483128071493561739e+00 1.328404724073305454e+00 -1.771932381413605373e-01 3.405455537153915802e-01 1.162433551647807928e+00 4.859883348801446318e-02 3.845495052973355588e+00 2.485020146703970756e+00 2.197549868900744219e+00 -1.191535140584018132e-01 -4.181122636849077812e-01 2.379740808873978875e+00 1.116304946969545631e+00 1.132956510685104501e+00 1.111242262990104646e+00
