2.168980627248533022e+00 2.812418798267538378e+00 -1.954718538044225851e-01 1.817966752243323825e+00 -6.961990502040918960e-01 9.456046502597501568e-01 -1.074143947013839639e+00 8.625121877545069982e-01 -7.640067323185847914e-02 1.918316447113048939e+00 -5.138032098371313694e+00 2.886686508173390120e+00 -9.200984355081358590e-01 -3.081503164094672176e+00 4.920602379287149830e+00
1.258541237053839579e-01 1.350910232891184837e-01 2.414899430289171089e+00 4.214552385434700565e-01 -2.036445469010138787e+00 5.307186982461319147e+00 1.946956176305367325e+00 4.855876049148601381e-01 -5.703075642477132279e-01 -1.525833938597198847e+00 2.838909529258608178e+00 2.227240269905829795e+00 4.713932766343197578e+00 4.715981087100858948e-01 -1.639443527157495417e+00
-1.447184323933617511e+00 5.018749871814410790e-01 2.996007342212091640e+00 -5.689305016602947962e-01 -6.910716018361328095e-01 3.215298774109508262e+00 5.498016696602179287e-01 1.927871703701469208e+00 2.657969503036131442e+00 4.243889662053635381e-01 1.021680608813021696e+00 2.307651577799328724e+00 3.132320850827611469e+00 5.668325978559439760e-01 3.902002619746778311e-01
2.391318804227706984e-01 -1.013155196202478736e+00 4.501375233633390649e-01 -6.562427280017266717e-01 1.753518213829376171e-01 -4.795001495923211232e-01 -3.735565801735485358e-01 -1.198284676558434514e+00 -4.388002365179822784e-01 2.243673529695383806e+00 -3.486901807043430779e+00 3.750796454329988094e+00 2.781809732322066520e+00 -6.159908178121695776e-01 6.584123033051136886e-01
1.370888286133287393e+00 1.278860306359518750e+00 -2.535422910992372270e+00 1.103138311135507754e+00 -4.818529103392627522e-01 2.649409705004096338e+00 2.924411536731364336e+00 -2.579065006882780287e-01 -1.378993251247622176e+00 4.788099794795360187e-01 9.005449015989878958e-02 -2.280490197984570144e-01 1.295246856421600423e+00 -2.815062088351800718e+00 3.032031695266898197e+00
7.350560978494748987e-01 2.719211794582042430e+00 -7.447115323018095312e-01 1.376750575217874806e+00 -2.276927158769321002e-01 2.417441837714148445e+00 -7.806249677384313745e-01 -1.854134595970098331e+00 1.832527676347057266e+00 1.490226572065852517e+00 -3.972970615029642882e-01 1.197740322847544725e+00 -2.034642850869889941e+00 -1.437535170259709894e+00 3.282512185594083309e+00
1.766144267272165003e+00 3.108458923884314662e-01 1.781927507473826777e+00 -7.598743874946313204e-01 1.192452748507328408e+00 9.103343801463287255e-02 -2.016057966856326988e+00 2.489308885899863100e+00 1.064726494053379824e+00 9.262522312803360691e-01 5.882779375937222888e+00 -2.729227289274945178e+00 1.685579049060204948e+00 -2.911518062964082887e+00 -1.223499449108396420e-01
1.875621375173712746e+00 -2.116904778557406441e+00 -2.281716219480749874e+00 1.300027771597599191e+00 3.676255712924668129e-01 -5.349875873538497473e+00 7.528816459015280627e-01 2.078995458395505036e+00 2.485373953550408466e+00 1.039325526649828246e+00 3.557245171176391718e+00 1.249897841825112765e+00 4.011823922198803904e-02 1.552650403393681655e+00 -4.646475642147835927e+00
5.033757848670502355e+00 1.042953405432942793e+00 -1.827379023727707441e+00 2.957583438132737719e+00 3.294272993572062269e+00 -2.459674712561374488e+00 -3.226430397001840977e-01 1.877670991533459954e+00 -3.952944440692078842e-01 7.454098665400041845e-01 -4.372056454410023996e+00 7.513030786147040230e-01 -1.114631306628333929e-01 1.520316319437443164e+00 -4.886732338007147902e+00
1.696928572139017488e+00 -1.104953286542222912e+00 1.923878898947301908e+00 4.262741971639288918e-01 2.169178314681991182e+00 9.670832493819485620e-01 2.595736985527289598e+00 1.449119816665199068e+00 1.254448762838234477e-01 1.895802582137402270e+00 -2.074681551506998844e-01 -7.054336201145373908e-02 -7.727144250970056083e-01 7.370742838356397764e-01 -1.278738920605660967e+00
3.954366869371350734e-01 3.871547151576659740e+00 -5.359103931300580603e-01 4.550200063246711224e+00 6.068452442950879266e+00 5.658410959459923895e+00 2.395766456865661365e+00 3.594507498599586626e+00 9.210019475494969354e-01 -1.990779274457906034e+00 3.914367788295243233e+00 1.307040872360439865e+00 1.963881919185067604e+00 5.877262428332828970e-01 2.751789699992310378e+00
2.929023408925521377e+00 2.763256527893755088e+00 2.208868444182473745e+00 2.495785959152523326e+00 3.785659336097426664e+00 3.403216561860877842e+00 1.051641639158728214e+00 -3.296613491935125873e-01 2.113650445791688259e+00 1.655461920554838873e+00 2.452390648607236656e+00 1.272403526876787927e+00 -1.029906113014008362e+00 2.173840286691208767e+00 -1.938403917325645986e+00
2.494501122770746981e+00 -1.137848516009019928e+00 1.744805494851842109e+00 3.335708341668194965e+00 8.691796220645513493e-01 3.188934786162028079e+00 2.403453843417415303e+00 5.454474359621329649e-01 -1.690494366582206753e+00 2.649386424000138796e+00 2.723819800264035251e+00 2.460911346689375723e+00 -3.506527003808396881e+00 -1.326278828836051860e+00 1.181142460732620192e+00
-2.765142969596560696e-01 1.340353385375381734e+00 3.037859858569125771e-01 5.074121658310413174e+00 -3.790866976655697940e-01 4.427987287125159988e+00 6.367710513156833230e+00 2.184895390996496989e+00 2.004216236287649888e+00 -1.406152625540527223e+00 -2.990065587232033639e+00 -1.425836032772190398e+00 2.304819806288121331e+00 9.824670848054356531e-01 -4.480977853813406853e+00
-2.356074348040940514e+00 1.323594712107988958e+00 -1.601414579412399952e+00 1.789331764760768495e+00 1.542005143439478365e+00 -1.035577510086882203e-01 -1.794753255546149839e-01 4.387492356017574480e+00 3.533186909773321283e+00 -1.471328217271361816e-01 8.922553242845289168e-01 1.171046924508855891e-01 2.170757203832887894e-01 -1.502700309998434625e+00 6.915459014314884190e-01
1.914369003416055648e+00 8.852605472972635559e-01 1.433637637609945781e+00 -1.080418697333479922e-01 2.474269200601940000e+00 2.842334184236612771e+00 3.602886411870125372e+00 2.628435959238369257e+00 1.953398005788628211e+00 6.580728378363313702e+00 -1.865085692965630981e+00 2.935724622324548339e+00 3.011186958173230899e-01 1.810752552603486443e+00 -2.007616793430559543e+00
-1.039164140967347549e+00 8.195503502684471364e-01 2.947284636817914638e+00 5.371476816740487159e+00 -2.141156749244494950e+00 -2.753873396376927296e+00 4.453352826783691931e+00 -1.497368955628336218e-01 2.612358616644389731e+00 4.097592605574503999e+00 1.949608130850113419e+00 1.596568931097698263e+00 -7.377567035354019032e-01 -2.232627744618736365e+00 1.407086758597562159e-01
1.165836525750739983e-01 3.478778841844448522e+00 3.522182645646899424e+00 4.922458952586890035e+00 6.114727427925646275e+00 5.619008487276119013e+00 5.170896378670477134e+00 1.540518242044453423e+00 2.087738050552268465e+00 1.937547328548949954e+00 6.846389776279178996e+00 2.171054749536854622e+00 6.752897387328030687e-01 -6.731771734929342665e-01 -8.165253889986677505e-02
2.940330334052665417e+00 -3.486287255068674235e-02 1.217445748441613684e+00 -3.749576896683164406e-01 3.048869070740129583e+00 4.971186747670455763e-01 1.916060721060286465e-02 1.069376236891375731e+00 6.095766481426314165e+00 3.148737504276463373e+00 2.750589117898272651e+00 -1.530845496407396533e+00 -8.954858788842272599e-01 5.099136687130413570e+00 -2.768771912101951393e+00
2.881385169991690365e+00 1.096181752555166700e+00 -1.504804655376555944e-01 2.398959521113271265e+00 2.018905722037974027e+00 3.476019342729312012e+00 -2.203372869959914659e+00 1.822038071613232946e+00 8.088374627363175140e-01 1.569399355298171539e+00 4.385600583383252093e+00 -3.145916214693821544e+00 -2.550849408270595475e+00 -2.174155438803159757e-01 2.413883678045994241e+00
6.633348525660112127e-01 7.175017432558898456e+00 4.852151337599530656e+00 4.046586125095872788e+00 3.242479904142015479e-01 -4.750144365260781237e-02 2.024862296480030910e+00 3.468228044888111317e+00 -2.199704335767587615e+00 1.428150666861877749e+00 7.907215878373600182e-01 2.586569345950251453e+00 3.405055126672550614e+00 1.011951596088951799e+00 2.774602024816733792e+00
6.748256530401310016e+00 4.237161080602566798e+00 4.968629756958615751e+00 5.010468032509953318e+00 5.569500851170293920e+00 8.677273649169535474e+00 1.134429155934683742e+01 8.367156652568173314e+00 8.183164229810612866e+00 3.224618702843919049e+00 1.331814417495707392e+00 2.015140026655179550e+00 1.715850840561967905e+00 1.236312701104111955e+00 2.919339941748422707e+00
1.792594560648622659e-01 7.854387520443175674e-01 5.691410654522626622e+00 -1.255220631820567756e-01 5.025878630163887806e+00 3.144590586915115615e+00 1.141515231883484471e+00 -5.087023982301710490e-01 4.825901641840444789e+00 3.429168945393699541e+00 1.536698039200327770e+00 -7.214082416342803006e-01 6.342834115546136076e+00 2.889715041140270557e-01 2.855032637372407756e+00
6.228778778118103654e-01 1.191302112276927838e+00 4.634279316005781801e+00 3.794143256282847432e+00 2.035569546206636993e+00 8.430505399956549795e+00 3.544975147487356093e+00 3.000951940053631528e+00 6.073904101041980752e+00 6.654545543713797251e+00 -2.822876637800793453e+00 9.177776421144472341e-01 2.512881460548393342e+00 2.653349157347737908e+00 -2.503722712944798978e+00
1.452277070148085603e+00 4.294244965442399753e+00 1.608866431376086092e+00 3.129804907046542795e+00 1.482243595877325237e+00 -5.044598448835729138e-02 -2.737954600160052432e-01 4.509012583231797877e-01 2.904920951097018200e+00 3.646257601382727920e+00 3.624358062856224638e+00 1.220623749180236528e+00 2.225782234659436920e+00 3.617834161468670207e+00 4.778339976008916246e+00
3.472936808482485205e-01 8.861163930236455322e-01 -2.581545526266050938e+00 1.151772817701492979e+00 -1.772429268419017934e+00 1.912280407980945007e+00 1.314799732553663114e+00 2.587838694194829259e+00 3.621121015461899351e+00 -1.142008803597961142e-01 -7.030482844410562926e+00 1.075288513091409826e+00 5.262790710408512318e+00 3.587855145882637320e+00 1.820927769474451896e+00
2.814315937830599079e+00 -1.354147512688131716e+00 -6.635418078359333061e-01 2.061833147792877519e+00 -5.068784839618061255e-01 1.690837043910125015e+00 -2.039938569573641836e+00 4.153347210705845005e-01 1.834014063655322602e+00 5.923714263065157581e+00 -1.103614196206071707e+00 9.306661751379871061e-01 -1.683177314922350287e-01 2.338344642906712512e+00 7.876849441863960077e-01
1.148579744814287595e+00 3.812662406772453494e+00 2.447064459534384895e+00 1.556016902921677714e+00 2.218187848968753872e+00 -7.815645489718248129e-02 3.718631720852569433e+00 9.590600780332884101e-01 1.532807402744283731e+00 -5.994220105986526326e-01 1.620681136009373136e+00 -6.355907771625628477e-01 2.854262279551765591e+00 5.993105230026491981e+00 2.850625248191549055e+00
6.279418327581288706e-01 8.098458177635853295e-03 -1.370385469512531484e+00 2.993581441215802386e-01 4.023564929403502077e+00 9.616769914394968088e-01 3.751195754746519118e+00 1.792921891442284643e+00 1.604201621255479937e-01 5.049836125939791698e-01 3.173760322955237467e-01 3.003470906257708517e+00 7.562238598721664040e+00 8.739515311199917980e-01 6.293273557447121469e+00
2.634072126851001450e+00 1.591737919103061616e+00 4.878261152882074070e-01 3.541437036874834465e+00 -2.030951108310791398e+00 -1.435319805692134354e+00 4.467722059755785402e+00 6.238299225267546433e+00 3.642204930032663768e+00 2.857138211901127378e-01 5.918412854093165087e+00 2.644722229106576616e+00 -1.614430589702712027e+00 -1.647067270180371246e+00 4.365760405241043252e+00
2.363988985800091758e+00 1.137417150194069304e+00 2.035970322198469962e+00 4.271577756365641659e-02 1.015647307813462685e+00 6.910135929732503790e-01 3.022879508747327026e+00 1.962865202136555576e-01 3.273562811248569737e+00 2.407340604733629430e+00 8.663910439313153855e-01 2.402762027755569463e+00 1.812671066380083129e+00 -2.982912787423946388e-01 3.610078280335361267e+00
-1.501286759921283798e+00 3.831090616341780386e+00 1.465768535972910458e+00 5.548231340899357766e-01 -2.102968321733713342e-01 3.995110952921056224e+00 1.643873386219395716e+00 3.717595933806211672e+00 -1.090985803308808899e+00 -2.940747141694511346e-01 5.467078476044133772e+00 4.124481848005861373e+00 2.070387612899150298e+00 4.005452450824118493e+00 3.037894394758921202e+00
3.263618256669136297e+00 5.521316108626710850e+00 2.902332586473017617e+00 7.140966365478091937e+00 -1.762246483189283452e+00 1.748675664239881522e+00 9.086726577919563841e-01 2.890026191843379166e+00 6.374022113621803598e+00 -7.209993031221195725e-01 -1.638515306420430806e-01 1.494086239043863840e+00 -1.407695455464427425e+00 1.905787646249261225e-01 -3.995303894299769842e-01
6.084773238453067279e+00 8.473664128292520914e+00 6.387175968396033632e+00 2.494149925068498419e+00 -1.606595992339949985e+00 4.771832359161757076e+00 3.516373068296017479e+00 4.911219754312113217e+00 5.054624872941741565e+00 3.196880229245351313e+00 4.425303720231584137e+00 1.077214339401828092e+00 1.142922707080216593e+00 2.415683977654785597e+00 4.356347121161494584e+00
3.060631493789391477e+00 6.633212212699642230e+00 5.562364121988708554e+00 3.014131048443987382e+00 2.815627970316121331e+00 -1.286575455139800983e+00 8.494461106422876995e-01 2.095072910656671006e+00 1.115217168894860666e+00 1.016523458531864543e+00 1.222023866118721269e+00 4.340748806902372969e+00 4.941168282393660682e+00 9.967030149426571173e-01 1.358159221023341079e+00
5.698821870031325787e+00 6.329975388538954029e+00 1.199195517693961399e+01 1.156984105819355335e+01 8.757318865556820597e+00 5.492855257653700640e+00 5.656318395621322104e+00 3.775811752886684580e+00 1.882293113048146393e+00 3.634121916592262913e+00 2.552677923533669624e+00 3.219065820890187446e+00 3.911204234298720217e-01 3.423760500627111014e+00 6.556264498788077155e+00
6.490981006484306981e+00 6.474569251368788692e+00 9.056938736473281182e+00 7.211273234611992322e+00 1.112063309577161796e+01 9.462773896900094073e+00 6.152500040443031892e+00 5.753863743991896484e+00 4.552942541809110288e+00 2.603029790192989967e+00 7.701598692581795191e+00 2.538996151963671011e+00 2.252267025998389460e+00 8.021545212391437474e+00 1.272917642281450913e-02
3.064689397673841409e+00 4.716144868738655127e+00 4.838814878259908525e+00 6.045837047343444404e+00 5.996259985810096005e+00 3.864017977509052404e+00 6.490397919108060520e+00 2.486388672529340038e+00 3.173836618828305589e+00 1.717816816420084935e-01 -6.725984486324010359e-01 3.055626542550267555e+00 1.809987419467986802e+00 5.391452259093827415e+00 -4.456525506920909763e-01
4.119761301757505656e+00 3.227676407402769954e+00 2.538701509527657496e+00 6.686980810820013943e+00 5.882373805230312058e+00 1.119446592833475052e+01 1.439847762959128374e+01 1.137402653725852808e+01 5.751551446695811975e+00 1.069204416670723301e+00 9.857547429820106899e+00 1.492660727197386850e+00 1.272392045086362389e+00 3.521107161200397240e+00 2.628182425772869646e+00
-7.905528907802240601e-01 -2.288881086289584754e-01 1.010603659209845295e+00 2.581996453336244279e+00 4.571649834949877977e+00 6.475642740062743208e+00 5.033635224012421361e+00 8.865076504586578920e+00 7.896299078808230121e+00 5.153855110880541268e+00 -2.878192922317117208e+00 -2.954513148017102186e-01 -1.860386168089744885e+00 -1.142130365081090337e+00 -3.678682141237849645e+00
4.211973147600184042e+00 7.492112463109475984e-01 4.704371323020239082e+00 8.108394496758300818e+00 5.945387761080677791e+00 9.044784525354311100e+00 6.385790670169378735e+00 8.867060370578288442e+00 1.084170184287112271e+01 1.135291301725996327e+01 7.504438658017367203e+00 6.596559534680900505e+00 6.408334333995075127e+00 6.220117933165449031e+00 2.390090159018064320e+00
1.492384005559767246e+00 3.356199871567142612e+00 9.309512111795263944e-01 1.513943886001346328e+00 4.910836887616612856e+00 2.546481451606129820e+00 4.749946623009769553e+00 7.605335768604287727e-01 2.860912076547895477e+00 9.691451195426237675e+00 1.489995277310666388e+01 1.288286720019795162e+01 9.593743742294824628e+00 5.669666249096881216e+00 5.381442329978887607e+00
2.445221773524711928e+00 3.263526789134687078e+00 -1.131627825154265965e+00 7.146048833557238078e-01 4.900371110702284483e+00 1.521209232326610428e+00 6.276016432949710122e+00 1.986252347935282492e+00 3.042500590483246725e+00 3.362102887357772740e+00 5.591954835600607687e+00 1.442306858698629668e+01 1.846848862670468705e+01 1.250984102887417393e+01 5.819463722926694338e+00
-3.341961818163941556e-01 8.023892594984157745e-01 3.495199391249758647e-01 1.956686958062079151e+00 1.060508686150957169e+00 -2.195426997704550853e+00 5.080777863506132697e+00 3.292867077871894921e+00 2.989209767132835260e+00 -1.227772732629837937e-01 -2.005913191361155423e+00 4.275692754379154081e+00 4.810532964217435925e+00 4.470451614439477694e+00 1.255526805278008595e+01
3.185061205370858239e-01 3.896519057294309807e-01 4.870632518637237340e-01 -6.455335971116291649e-01 2.260333419894228757e-01 3.143835693397983300e-01 1.819836494449318165e+00 2.146350972742544716e+00 6.967709847261509104e+00 4.616875071475996961e+00 1.075341819720688319e+00 1.455159770098760186e+00 1.465375797076463371e+00 8.161784880206756299e+00 8.623753937942932879e+00
-1.593769747118580327e+00 1.785663177299372739e+00 1.275278422335537565e+00 -1.426822264726774980e+00 3.227787620954520431e+00 1.806404098940429970e+00 5.786490355099472183e+00 9.344650923999517911e-01 3.364558644304977086e+00 1.763469461558215379e+00 8.906261534852090433e-02 -1.324893703146616364e+00 2.159077695893835358e+00 4.687395131885819133e+00 3.117337997135333882e+00
8.191221599848994561e-01 2.364549545593424895e+00 8.702405164263644632e-01 6.816212066196148944e-01 -3.636798635056378015e-01 6.066078650263984962e+00 1.758992514541628749e+00 -2.258627974061618637e+00 1.009283714786098463e+00 2.622656446121922169e+00 7.193803022952554471e+00 2.463787691769334653e+00 1.614466051433170346e+00 5.694063911476319184e+00 1.567573889620687000e+00
-2.170293385776289607e+00 -6.184870802385710187e-01 4.494020490651405630e+00 1.531636617825848257e+00 -9.637238571928909148e-02 3.565107288755784420e+00 1.769032140873836756e+00 -1.608126660513232276e+00 2.962169272959624955e+00 2.953286335992513778e-01 2.591165489463879812e+00 4.377023215073286622e+00 -2.125225534769562774e+00 1.917533012050212982e+00 5.253594337639372336e-01
1.819743854506433500e+00 -4.734396530140886905e-01 -1.730354186029214036e-01 -1.747892370207826840e+00 2.548415778218058758e+00 -9.530769107686046793e-01 5.651910989937494190e-01 4.217648547083158839e+00 4.012889601551463237e+00 -2.937028364114679047e+00 2.940195002013301195e+00 -1.313871300185771807e+00 7.233090835113251682e-01 3.332714850492471292e+00 1.028926039910169760e-02
-1.882047338192437191e+00 2.464070621343029899e+00 -1.366651115019280383e+00 3.580908276684408587e-01 -1.349906455749330769e+00 2.709585068738222358e+00 1.260065937402693736e-01 2.239768754681164431e+00 2.736621153742804236e+00 -4.255376751925112888e-01 4.327215130167243018e+00 2.376152166400743226e+00 4.784358514265192319e+00 -2.352369187725179778e+00 1.068168922807225307e+00
9.041531618502224310e-01 1.241090412415288835e+00 4.092893635794375484e+00 -7.330478239435586074e-01 2.203288383166594144e+00 1.320724791320262881e+00 -2.023592702845823155e+00 2.611706607025125138e+00 2.531962547753449311e+00 7.514083140151655016e-01 3.566244170878433817e+00 1.749585408388073748e+00 6.189161763721965137e+00 7.763511859789326230e+00 -4.706430475428596272e-01
2.382144498043130998e+00 6.864427898575105047e-01 2.930826625677034780e+00 1.397713976474184827e+00 6.368205537322346732e-01 4.216664001190453814e-01 8.954193724919332631e-01 3.803591727786006960e+00 4.427885946945011142e+00 6.168511689770564743e+00 3.588908108787114415e+00 1.678667895577702796e+00 2.537732586239822119e+00 4.661297000876760244e+00 7.947042104453655220e+00
1.751111532205135601e+00 5.530852587302960144e-01 2.560827810590117881e+00 1.348528163418235781e+00 1.966946021545633583e+00 -3.082719134275248685e+00 -3.042449328702518496e+00 4.948040407117654804e-01 -4.774416146232396407e-02 2.520408309493228138e+00 4.211995533224636157e-01 2.419885886502033401e+00 6.056593804190443242e-01 1.466143476752266306e+00 -4.447830100215884319e-01
4.339586785929039792e+00 4.057167007535465331e+00 1.365875249803006231e+00 9.129753953002354983e-02 1.393902164186819004e+00 2.418008104598034613e+00 1.635286434581495030e+00 -1.369517029223224602e+00 1.046536705393566358e+00 1.019617049230809647e+00 7.392354153807820794e+00 -1.356015157851090835e+00 5.375432134684433594e-01 7.324110885544447003e-01 9.308709153532216618e+00
1.774310551280586346e+00 1.368640552090819029e-01 2.599013231043472150e-01 9.710805825352650245e-02 -6.345674571773293748e-02 1.355149324819554524e+00 -4.118085693492731236e-01 4.375782246779882922e-01 8.188016351394957759e-01 3.033489477682866031e+00 -2.221870727879245999e-01 -1.404040988274164681e+00 1.666901040790914390e+00 2.291642630953988125e+00 1.710301791223872492e+00
1.494819448974344711e+00 4.035358384201030546e+00 1.327342517993621573e+00 1.018894111207677700e+00 6.913516125380192889e+00 5.404523867201550757e+00 1.742736050615775412e+00 2.795728925026119693e+00 1.508771329614253087e+00 5.066460043360066834e+00 4.115302461863016070e+00 1.287721885804823607e+00 1.880728675491218693e+00 -1.663862866395548368e+00 4.294249186785910055e+00
3.881839841008809522e+00 -2.445276440807877261e-01 5.931861833152650476e+00 8.700722015254980235e-01 1.535128355651832477e+00 -1.281201195540865312e-01 9.231649248409106168e-01 2.404915101030108637e+00 2.023478747894619900e+00 7.334422302126631932e-01 8.651979989611369604e+00 3.004372544486414220e+00 3.034293003674770617e-01 1.027782865534529799e+00 -1.258039190482117542e+00
2.527126993998605325e-02 1.188031485301990431e+00 3.211236131282852568e+00 1.978575130249963676e+00 1.315534858684243025e+00 8.185312697633266854e-01 -3.488745515372893458e+00 3.319708777527576871e-01 2.002410451146414694e+00 4.247679723221577497e+00 5.108419425005525483e+00 -1.058755000966645765e+00 -5.456628555553360016e-01 1.829104644045514538e+00 3.164356967747826044e+00
-1.054411537746908767e+00 5.591011508460854706e-01 2.173553643618404863e+00 1.816512642433522950e+00 -2.474413602680250790e+00 3.364704179616626156e+00 4.059447246505353490e+00 4.097465630972364492e-01 1.773864836435635528e+00 2.007414363435172433e+00 -3.001260421252601507e+00 1.150911145810951997e+00 1.593656243232191683e+00 2.036089240146111923e+00 -4.383280959706585822e-01
-1.202052708159560668e+00 7.532363734624664131e-01 -3.854337186977029317e-01 -9.832612952601043066e-01 1.137670235478044134e+00 1.243787849686214475e+00 -8.361426052681624199e-01 2.855405684437980707e+00 -1.856173779688718994e+00 5.398690825846044206e+00 -7.081972443022120645e-02 -1.886089288942965014e+00 6.951581642158639607e-01 -9.245012227081916834e-01 1.626021046190873731e+00
-3.384148830301750288e-01 -1.096769747106723258e+00 -7.574853773557288505e-01 4.681541262482108223e+00 2.489322239777814971e+00 2.060624416720932217e+00 -2.252259555431502136e+00 -8.846647684019141034e-01 -1.528802594473116949e+00 -9.274361772586238173e-01 1.649606322501316225e+00 -7.217484539530256704e-01 4.787796376916881869e+00 2.363735828845650921e+00 3.577890540905369066e-01
4.454120028675594666e-03 2.106563441511498880e+00 4.803772224315133732e-01 9.265714439125251056e-01 -1.215990098592939495e+00 1.046046649818190621e+00 1.416019940728501680e+00 3.266012134699545655e+00 2.782152595476689250e+00 1.935127861227864621e+00 3.350162213865445437e+00 1.869339540844331848e+00 3.043310219830647423e+00 3.555685371081256818e+00 7.219678218497718625e+00
-3.701818285445063750e-01 2.041847643140024537e+00 1.731664770800266817e+00 1.238566056846243768e+00 -2.039667737785697543e-01 -1.989703924708830174e+00 -7.186848010448921853e-01 9.189925843782376091e-01 4.872865872869388548e-01 3.014101651120152159e+00 2.606805039652266287e-01 3.958771671415353133e+00 3.061479772934779131e+00 4.473618887677277556e-01 -2.993087311351192881e+00
-2.490031604306136015e-01 2.041274264492071389e+00 2.564496909927282409e-01 9.430785669369027291e-01 1.441520285767338816e+00 -2.360976147546741011e+00 2.030896426651821685e+00 -5.329100229503740405e-01 -4.500135870546442263e-01 3.339098770576955477e+00 8.775427654991130311e+00 3.686382989545380351e+00 3.571949407220509354e+00 1.321474492718327953e+00 1.380514231977493234e+00
2.375956740231759845e+00 -1.151494889887029416e+00 6.568570119898510029e+00 1.570515371960145456e+00 -3.009131268242792086e-03 4.570346146026090572e+00 1.669236235996282680e+00 2.103839900695940290e+00 -3.148075493425071425e+00 5.877627103327095481e-01 3.070015704229280273e-01 -6.903623866974641088e-02 1.648542929803515911e+00 -4.184443696470367957e-01 -2.742027910829553772e+00
1.632904301850881978e+00 -2.013515962448090002e-01 3.321665951015872142e+00 -2.422326604806658512e+00 7.338679451620434557e-01 -4.028445135708356717e-01 7.577922557877774246e-01 1.047124127370111513e-01 -3.966624697881956374e-01 -1.648396380744415080e+00 -8.324560765041965071e-01 1.394922964925495945e+00 1.939191749497551354e-01 5.520220725172687359e+00 1.646033687811663260e+00
3.955942992989132989e+00 5.343445662052359602e+00 2.319379894202701742e+00 2.130479349096305430e+00 6.787287450432913261e+00 -9.935783609376797054e-01 3.102505097050946681e+00 -9.073971852270791283e-01 1.483290441726531572e+00 -4.290947016825386040e-01 2.810769560058021810e-01 -5.903822583416787895e-01 4.142437928979934902e+00 3.229197107796095256e+00 6.082231851297189351e+00
1.212861677520032710e+00 4.052318767613473760e+00 4.830907276529607941e+00 -1.271713700259447855e+00 5.391244975288842944e+00 1.511250668372585260e+00 2.711785577605321795e-01 -2.426254085850669817e-01 2.330323395514774631e+00 -1.482782172955428468e+00 8.904733459742043777e+00 3.559899173801131411e+00 5.207293163304327344e+00 1.878511053730587965e-01 6.017204672357731710e+00
5.849081308005461138e-02 5.616971606799777028e+00 1.855236101934352622e+00 6.534151932523903028e+00 5.875465148978888053e+00 5.282867485061402135e+00 2.303677474020860760e+00 1.856733240252828487e+00 1.547091641766306314e+00 1.266625102123030810e+00 -5.140898905364843507e+00 -4.686708890311516718e-01 -1.713442885676708549e+00 7.192113842448082384e-01 6.591582349424684573e+00
8.412614194242969967e-01 3.604550719615061460e+00 2.622153239295701876e+00 3.916379500356450549e+00 3.282171041675783663e+00 6.787572081480360842e-01 4.327833069816136025e+00 1.844594310362479783e+00 4.508828908879634945e+00 -1.141661872118898170e-02 -3.083992695123091377e+00 -1.409560014228685487e+00 1.009718513968949072e+00 -4.156473160142707957e-01 -7.523089509211398074e-01
3.724863560542647889e+00 7.949442371516940442e-01 2.314000392925858574e+00 3.245241416659983891e+00 3.686712238435854605e+00 3.878786821187523159e+00 1.508463390834732243e+00 5.517566761003502407e+00 1.530333498015811200e+00 2.741096202538622517e+00 7.850995868571065683e-01 1.142641003364173180e+00 1.659773721211786235e+00 -7.502039546995789010e-01 2.781243198650067416e+00
-3.384458559147488499e-01 1.148544186404640399e+00 -1.589091655773499367e-01 3.145860384373023066e+00 8.035571682441020602e-01 -1.138487549483796268e+00 -9.303130690036938155e-01 1.041751380781699599e+00 1.311165171228427129e+00 2.006657432159701049e+00 -4.210234028347168422e-01 1.878729391105290913e+00 -7.445310021119136978e-01 1.256330316625138055e+00 1.733643111658154767e+00
2.675745400289544218e+00 3.798456014254808277e+00 -5.368947254820931603e-01 2.394140062435200722e+00 4.513628849909502527e+00 -2.258020348588409387e+00 2.825799043834290813e+00 3.401741095549202232e+00 4.934509925240460060e-01 -7.323487783308389558e-03 1.129943070461759236e+00 3.032388594941935800e+00 7.205148792499249666e-01 3.096860039963683420e+00 -2.649913009014870369e+00
1.422608039008654846e+00 6.316606286471248000e-01 -3.484398368074186070e-02 -1.036104036844427645e+00 -2.826696789486635275e+00 -1.282543503807272334e+00 4.915951535747904444e+00 1.924430243861007250e+00 -1.989916347979210132e+00 -2.249919739473254854e+00 3.100312928184259409e+00 -4.942494182678428549e-01 1.944983257162383516e+00 7.663151281177790763e-02 -5.831639557378790251e+00
-2.659853726919602313e+00 1.668930653028677824e+00 3.279947342484593964e+00 1.925376075808436838e+00 -1.044382787451621830e+00 1.594494256106038454e+00 1.214383362247021925e+00 3.180819355051461628e+00 1.154018137866005933e+00 4.758608393075721921e+00 1.551435102258962084e+00 1.251101902529884402e+00 -4.576660354428494948e+00 -2.504025149430596717e-02 4.250626706223911810e+00
6.509033899812452617e+00 2.496496525526598731e+00 3.205758004558520557e+00 -3.653874594144045362e-01 2.515440446264222696e-01 -1.054689539522610797e-01 4.957187249566695542e+00 6.320268562912600530e+00 6.664749492480654958e+00 6.653486615831477602e-01 -1.631178491508376155e-02 1.576652359824886274e+00 6.423985092596409707e+00 7.793685330981684478e-01 -2.984501980697039869e+00
7.507041120008382806e-02 1.896116871366337664e+00 4.373071768992840003e-01 9.781795677353968266e-01 -1.437830807650994913e+00 -8.643843261015522472e-01 1.395050805581568465e+00 1.048258598425707344e+00 -3.815959354540877091e-01 -8.463670931837863343e-01 4.403131546601821711e+00 -7.460463767277648595e-01 -1.401097707127622938e+00 -7.408665036868181675e-01 2.423732673371502777e+00
5.774428316260926231e+00 8.968545801349965263e-01 2.408567776501863711e-01 2.840030784104821127e+00 -1.883407779223978062e+00 1.808490182787874101e-01 1.933150707495972176e+00 6.520459776997592494e-01 2.031332697645782837e+00 1.553757790734515920e+00 -1.186675283917476342e+00 -6.871451859368173931e-01 9.117364962752524393e-01 1.437145218647583045e+00 1.530398465698445953e+00
7.708155925832272937e-01 1.980088709198003949e+00 9.393526666909433054e-01 -2.127131900795762309e+00 4.621138755787861818e+00 6.052372950625987125e-01 4.695626462110656263e+00 1.789136756807313766e+00 2.556804727757007178e+00 -8.158404757009143360e-01 -1.004590702691961157e+00 1.664677809595421998e+00 -1.074186533147476696e+00 1.585846097700256641e+00 -5.025157705054430934e+00
3.109753964825989758e+00 3.931185104913756945e-01 2.832887952627617167e+00 2.615317966155247920e+00 1.224506337705767667e+00 -5.016638936077993938e-01 3.206353552612649871e+00 -8.680788271143174972e-01 2.536368180229126690e+00 6.628107001810910059e-01 3.333637281923678586e+00 1.516267499621758219e+00 1.071256731521873284e+00 -2.938919200279251354e-01 -4.595512819304644614e-01
1.374312527464142786e+00 2.047697762781453434e+00 2.257660882350230214e+00 1.458353572888697672e-02 3.343124127763217462e-02 -2.585115730281643209e+00 -3.590408845652113268e-01 6.555796066539845146e-01 3.811987395107048648e+00 -2.246281075682728723e+00 -1.396566916462264052e+00 -3.951946825482378078e-01 2.874360129891663451e+00 1.798061056040752392e+00 -4.496911374107603887e-01
