1.110392572352272289e+00 -3.027915707896082775e-01 2.723828285791979997e+00 1.365528413443587663e+00 1.429565636383535399e+00 1.885933909278061371e+00 5.528574642525095895e-01 3.518318555304043027e+00 -9.664543725368017757e-01 -1.255128123041869381e+00 -1.358299951870435507e+00 2.674302009869740537e+00 -1.909020956754194476e+00 1.406430756410818939e+00 3.711184067097180073e+00
1.363638020601288137e+00 9.497337400629369819e-01 -8.906043864638588103e-02 7.605269060913250057e-01 7.958295222304585526e-01 -6.771636630945826463e-01 3.229973204338904225e+00 2.461350405486719198e-02 1.629029410423979307e+00 -2.154482204497510711e+00 1.646510050569845340e+00 -4.264582817827724526e+00 -7.068681188518642911e-01 -1.206964707708343409e+00 1.421817474575974183e+00
-2.135454177178469914e-01 5.369147577263706783e-02 -5.254106547771224545e-01 8.009997041999175060e-01 3.563961190061997186e+00 2.862536911829606789e-01 8.290484632990285929e-01 6.591049662100143536e-01 -1.291624286397658805e+00 2.304927265479469245e+00 4.453545657291457238e-01 2.142939601493390356e+00 1.261160426702997661e+00 -2.812473249189508806e-01 -2.491844979516696146e+00
-4.587826154081010799e+00 4.255733424752622396e-01 3.939931747808527174e-01 1.310920932666948646e+00 6.567261027740359802e-01 -5.980299567050916254e-01 -1.094699701951851623e+00 6.792207558119495170e-01 1.199165299465453582e+00 -1.689753896360008667e-01 1.776267076471163553e-02 -8.807184276993647032e-01 1.146406204531642548e+00 -7.563486177895958895e-02 1.080929242792427969e+00
-6.316369476194314547e-01 -7.549275088646809628e-01 1.562142559869278635e+00 1.903599647293002795e+00 4.364127637964989037e-01 -2.918824453874602209e-01 -8.144742759548835309e-01 3.452517791616435794e+00 -1.468089549591227838e+00 3.448841248047871400e+00 3.076477844897303804e+00 2.256740077225202867e+00 1.591945381592053010e+00 8.062914869792089378e-01 -2.442268051921115735e+00
-2.382972137378731148e+00 -7.684058761344342292e-02 2.532077674690217162e+00 -2.024418857897579471e+00 1.072743919189726780e+00 5.640985826263202885e-01 1.690824037186174911e-01 -2.241720011489031217e-01 1.233643531236291668e+00 1.738577791135634820e+00 1.440647126575573811e+00 7.051781294524298582e-01 5.110473729217774874e+00 -1.138355357414678526e+00 -1.172852882176513845e+00
-5.084211298782937566e-02 -1.849258670737609703e-02 8.378221309928817195e-01 9.734085834177977903e-01 1.314923501529808858e-01 -1.089636943575505557e+00 -3.291903146974715089e-01 1.403556863395678311e+00 5.519019270547514955e-01 -4.537361777817728870e-01 2.026613683512046293e+00 1.684263606035926175e+00 7.580943758983947234e+00 -1.443309959773942053e+00 -7.846410359381300603e-01
-3.896477016528123727e+00 5.437196281962511257e+00 2.902587270976187739e+00 8.690588445706857179e-01 4.296044566135423182e+00 -7.156989255210270962e-01 -2.047682280585927383e-01 2.099796897617494940e-01 5.874155023056502056e-01 -2.923101787270829366e+00 3.215144148627184340e+00 -6.977259402960551693e-01 7.304418980957001484e-01 2.428758235987487524e+00 -3.410626433645813638e+00
3.179033844690622335e+00 3.748081984320908333e+00 6.405554565925313248e+00 2.875913210136704201e+00 4.425426857559478511e-01 4.086974051525819718e+00 3.283238049967465599e+00 6.361162369176954767e-01 2.777823861987700482e+00 3.250946945759603857e+00 2.576754501475788661e+00 2.660286697602737949e+00 1.422992845966920994e+00 2.358467462578206844e-02 -2.468319901467981303e+00
7.968590307520524441e+00 7.762164387113319464e-01 4.194649715820022884e+00 2.872989044706962591e+00 6.604709689520373850e-01 3.942501312616702780e+00 -4.066795761454721214e-01 -4.800507339013505015e-01 -4.580598369980652673e-02 -7.026289707576891530e-01 -2.907944193435525460e+00 3.399581659033846126e+00 -3.825289788144226599e-01 2.233525244165887713e+00 4.331420269782471522e+00
2.161748041231172479e+00 3.307785796958635949e+00 3.452832548433612647e+00 2.417509856850578398e+00 -5.803081309311753921e-01 2.421779145086699891e+00 -8.029155742723820266e-02 2.061808582230606479e+00 1.098838182348700121e+00 -1.179947968049504858e+00 -4.122589078094802684e-01 -1.004643489703770376e+00 9.784457372060805236e-01 1.290760869178062320e+00 6.563069063323657026e+00
-3.735880223504176728e-02 -1.103012288214406222e+00 -6.604875778394258407e-03 1.995711309494972552e+00 1.506517740761542878e+00 1.774606503182813322e+00 -2.105778855640309200e+00 -6.788698864930070576e-01 5.642255963690956388e-01 5.417872836864482400e-01 7.514374924976285008e+00 -4.220588771754676394e+00 -1.866572126336851545e+00 1.259591776902779126e+00 1.857422144883205783e+00
-1.381919274651089546e+00 -3.702930693895217784e-01 -2.643714013192469903e+00 1.489027428757879967e+00 1.181976240735269190e+00 -3.365860822004939745e+00 -4.323493621503351925e+00 3.870156629249645430e+00 -1.027720455649689724e+00 -3.030410731887683284e-01 -1.370292510486008419e+00 2.613801608649787056e+00 3.369347450878275585e-01 1.585986052836150906e+00 4.706848997497138143e+00
4.106616170627917506e-01 3.956866811219600599e+00 3.064971943864982507e+00 -5.788520294880254990e-01 1.169575015216080954e-01 -3.160534693880724610e+00 -3.530037953677697127e-01 5.550421331805414304e+00 -3.565507855406792714e+00 -2.049967938777919052e+00 1.650515236193834001e+00 3.850283121484870286e+00 4.361804668715012490e+00 1.438575482309638387e+00 3.654191066291243711e-02
2.701982357422607173e+00 1.463021009555414809e+00 2.012280676654668365e+00 -1.975604585637728006e+00 -1.419795504934180386e+00 4.258881754618933257e+00 -1.674602969410514453e+00 2.445198682193042039e+00 -1.205748826202878599e+00 6.185458929556378882e-01 -4.780393961895289756e+00 -1.388810665937131983e+00 1.893046815627820109e-02 2.594551677596213413e+00 2.517869239317738650e+00
2.383038749916085663e+00 3.468040875195680162e+00 2.130437245955307368e+00 -1.926625265289277245e+00 1.236665309406973723e+00 1.022248822335967589e+00 -2.101334910370647791e+00 2.744782230998158212e+00 -1.020910612538284204e-02 6.234242758763667958e+00 -2.354200228134230244e+00 -1.284110993393376976e+00 -1.153169925752616676e+00 -7.811604969927975484e-01 -3.806905595959553690e+00
-5.721986339749932649e-01 -3.556857987127169274e+00 -5.911569072564751837e-01 -8.779965024862828038e-01 -2.467915758838407747e+00 -8.652990659680850349e-01 -8.358267816727465993e-01 2.398249520215409269e+00 2.646227090276356719e+00 3.656260723232995224e-01 -8.273305336419691791e-01 -1.212573305000144985e-01 4.326183682172914935e+00 -3.064180715475331995e-01 3.917788281011687079e-01
1.862791571064048135e+00 2.233691407998994016e+00 -2.636808356794983599e+00 9.227035018525698851e-01 1.573066249368854086e+00 -2.456074495139935365e+00 -1.406216762791816510e+00 1.299075978233453554e+00 4.713296405306134917e-01 -2.645711278571690528e+00 2.496655497367903820e+00 8.146147649390261813e-01 1.590776592318089988e-01 -1.579434124185848942e+00 2.908345810796990172e+00
-9.394202282750756527e-01 -3.213334372252768523e-01 -1.418359387414558581e+00 1.275113279865262905e+00 3.251455727074758606e+00 2.064514650413997288e+00 1.783744454555414194e+00 -5.697513254529298354e-01 2.597542559541087037e+00 5.898396747373883642e+00 2.046766803470147611e+00 -2.662954159879445726e+00 3.235860155563901941e+00 3.689387807890285753e+00 -2.693033960332770205e-01
-2.380437211770597139e-01 -1.175174647584169785e+00 4.155346493026387811e-01 5.526070432217884409e-01 3.543964537312666696e+00 -5.333777579813314684e-01 -1.200712685975830585e+00 -6.352672755759128931e-01 5.228989291481318524e-01 2.281152356872901965e+00 -2.550877373385964098e-01 -2.170955642615640946e-01 -3.211682292990785115e+00 -3.054247842804870050e+00 -3.265296615323964313e-01
-2.283328845821599895e+00 1.859371285062492385e+00 4.991041418876165814e+00 1.713073616380230924e+00 1.021035492260059740e+00 -3.684432455907551418e-01 -2.573454886585224255e+00 1.034171496510644994e+00 -3.914606667554612618e-01 8.494269225488372266e-01 -3.270296923555096047e+00 9.358846911073211983e-01 -5.052282228519648921e-01 1.640671853275985859e+00 1.397783619407014788e+00
4.497629041037724207e+00 1.284459519582861198e+00 -5.125201890738058985e+00 3.609563539427322443e+00 -2.026335196898460644e+00 1.988461337678136376e+00 1.695706819830023360e+00 1.432520508358316125e+00 -1.334391695434749892e+00 5.118022982268796817e+00 1.535006612962977801e+00 -1.271014132202137548e+00 2.213035802659010454e+00 -1.194377678455600528e-01 1.889488463268118368e+00
2.739134889680734819e+00 2.239778110403398692e+00 3.829877784112385442e+00 2.739187404345611032e+00 9.353310606538064675e+00 -1.413211185894749367e+00 5.321226532713005497e+00 3.397715792457459916e+00 -8.168082060689049739e-02 3.461451105818576846e+00 4.340295286551135057e+00 3.946227599945177023e+00 9.782313642902398243e+00 1.135545135632904712e+00 -7.456850263070015083e-01
-1.740158099567044259e+00 3.887992137390636760e+00 4.588775625973520178e+00 -1.568157110874069948e+00 5.110523390628525231e-01 -2.243897442568107969e+00 2.247144620768006362e+00 1.029893257218142066e+00 3.388630155944385880e+00 -2.750474889893341768e-01 2.098418762325956255e+00 -1.792110174677665757e+00 -2.919287895033141567e+00 3.931098632186189157e+00 1.683326533844992534e+00
9.337459939978393075e-01 6.383257347559566364e-02 4.621935952429296335e-01 4.597763524777665478e-01 2.447195734463128991e-01 3.276178570345972929e+00 6.318620524730217403e-01 2.539156201254664236e+00 -1.517035334134209323e+00 -3.605548450816842720e+00 1.755276198291495726e+00 4.599098807749588680e+00 -2.686495302941144248e-01 3.429453736824890520e+00 4.984160429895835520e+00
2.004376108409707591e+00 3.453521454786678824e+00 6.957528190151417435e-01 -1.984814868210545424e-01 2.437105088975941136e+00 2.104754474369459949e+00 3.704001707958703093e+00 2.183833008011614840e+00 -4.320943191077495915e-01 3.512820076701078431e+00 2.950126059495132402e+00 1.451382880321370195e+00 1.932030460956786433e+00 -3.147882072727078651e+00 8.288506781879908303e+00
5.040391406768587532e-03 1.459519552544588761e+00 3.579833178834933349e+00 1.353744719027803134e+00 -1.606520610650381542e+00 1.698136069755887378e+00 1.717960052694513129e+00 -1.404329749875671940e+00 -4.693154055328390584e+00 -3.640415717345477198e+00 4.016928207410538576e+00 3.294341741266394230e+00 2.966714779757177123e+00 7.434338710675182371e-01 3.517433778126608068e+00
3.540275769327840383e+00 9.044768819626604062e-01 2.593387905435005525e+00 4.822519058480556176e+00 2.856358966317701920e-01 2.432591408957636148e+00 -3.184970420996985352e-01 1.122048468047611269e+00 2.603057496329783671e-01 5.855004630980276126e-01 -1.905074014677737571e-01 4.670538282189665047e+00 1.973639858317166151e+00 3.432401233572548449e-01 3.140921572016973862e+00
-3.239403017599227219e+00 -8.323082236012426804e-01 3.400395404526694865e+00 -1.818588812588420867e+00 2.937860934675933233e+00 4.953636824190728039e-01 -2.520623747658953917e+00 4.806465116484161193e+00 -2.842104407648439857e+00 3.623197298506413144e+00 -1.020254193354975136e+00 3.250049193849583240e+00 -4.343411785173279860e+00 -5.427226642507189114e-01 8.569183047810057019e+00
-8.627196258666566253e-01 -8.516521022176828382e-01 2.565569997307555195e+00 3.496806620174907621e-01 -7.541929855300140151e-01 -2.505851286028639713e+00 2.592531972933446394e+00 2.955167284750943590e+00 2.000960874584664761e+00 6.592436393095840730e-01 5.937528983318427628e-02 2.543752083585277379e+00 -8.874571463104121705e-01 2.288146789852961493e+00 5.904595207024949666e+00
4.199710733507865612e+00 6.100862369900943438e-01 3.177326348816445378e+00 5.179853257659456922e-01 -1.170696555302053188e+00 2.263635491281319467e+00 6.490534603629485311e-01 1.661048290435449104e+00 2.569453115674090515e+00 1.499897822555693816e+00 4.209869606066118930e-01 2.079290817202876340e+00 2.930869735447152458e+00 4.568695197407543596e+00 3.288392889533838570e+00
1.333827076732389427e+00 2.283563015998480328e+00 3.580462271129661200e+00 1.716496049952048741e+00 1.161201674414445106e+00 9.723770143162641100e-01 6.484206294834914119e-02 5.263902695415337840e-01 1.908426280662662622e+00 1.581705756018716658e+00 -4.115424084328464183e+00 8.323430726622734754e-01 1.441877420481392003e+00 4.440745073805272725e+00 2.622693670099844887e+00
1.734957829345471270e+00 1.016895042716618791e+00 6.545319925038771691e-01 1.906974452401037023e+00 3.935822760905522522e+00 -1.387050782934628801e+00 2.806273036049145908e+00 -1.527837933805726855e-01 -3.074386843709417949e+00 9.333641150457150371e-01 -1.297742172995488108e+00 -1.713173043875451773e+00 1.829623840924875067e+00 -6.269734858625298779e-01 7.479952839979213675e-01
-1.747157516918988740e-01 3.886963333624818606e+00 5.000565140101258521e+00 1.578105509998223521e+00 2.160460949743352010e+00 6.896116905624478655e+00 3.214821600015348224e+00 2.495206136022730004e+00 2.711468374594045549e+00 6.033735603502136335e+00 6.718271929545443832e+00 6.597460029510554769e+00 2.372890610581349424e+00 1.718828078656435387e+00 1.990017724652030306e+00
2.250710147610458289e+00 -6.856121023566170702e-01 1.103384565667451911e+00 1.375109658617777453e-01 2.718415152210164276e+00 -2.328357971782125002e+00 7.174078095285990608e-01 1.604067658781491490e+00 -1.546133082639219225e+00 3.724436477517265143e+00 3.405119892565717787e+00 1.408249046910011293e+00 2.132462800421880411e-02 3.682095019553335846e-01 5.483339330240680987e+00
-2.310147130400287130e-01 1.563867755373678392e+00 1.907212602084220165e+00 9.134640327644447666e-01 8.511028146817043449e-01 1.816646616107384371e-01 1.448297774103356916e+00 2.617989074237218716e+00 2.344594466919563303e+00 3.801574575622922669e+00 3.475375791758157640e-02 -1.109561881779298709e+00 1.450782905101003051e+00 3.597066471864587278e+00 3.657334452615262688e+00
9.551448015629234733e-01 -1.494276784259672697e+00 2.540247267674786258e+00 1.263407066635794829e+00 2.553360192219058966e+00 -7.191480126640584558e+00 2.152698285181439353e+00 2.018999077585688529e+00 -7.947777213210007741e-01 3.395638634027410951e+00 1.471676913032273992e+00 -1.830405322455383565e+00 -1.221338475094980947e+00 3.173866425977490469e+00 3.668799215341414399e+00
5.687971298136338838e+00 2.376857110212220459e+00 5.223883490251765016e-01 1.232414368731556298e+00 3.792131265424856679e+00 1.720151234737576251e+00 7.927569986419737980e-01 5.795447414145613596e-01 -5.949170372833619824e-01 2.394663667222836079e+00 8.183750763848470777e-01 -1.501126250593497247e+00 3.926882588020656151e+00 -2.320874075217570776e-01 -1.032573752317802018e+00
6.572444164579502868e+00 5.113012613047775545e+00 1.983821078880983801e+00 3.163085860472452104e+00 4.665125745809572066e+00 3.883522895821589493e+00 2.194497827193872652e+00 6.170140446560623992e+00 4.649629965274650445e+00 3.887599887756225669e+00 1.897474778736229162e+00 3.626696500120898836e+00 -9.685088122138205691e-01 3.154535502391317969e+00 1.956522636328890563e+00
1.964066511761146661e+00 5.748655224956760179e+00 4.671751184632884524e+00 6.417833060262173817e+00 6.209076847041530733e+00 1.018011117714508984e+01 5.524215392501373501e+00 8.349139736660337263e+00 9.129767508854072844e+00 8.695397636111543704e+00 9.662410373685872855e+00 6.519435082459956732e+00 1.371461713263027171e+01 8.638762743070694583e+00 1.256058187312887320e+01
1.158419388789146787e+01 1.286005198665307425e+01 1.260926475068703922e+01 1.362128294299748177e+01 2.079781427946222649e+01 2.303361303032230367e+01 1.984177647931732480e+01 1.212415507021243499e+01 1.499892494536694443e+01 1.489396975645887800e+01 1.577174852853240949e+01 1.259733793223045950e+01 1.363126051981306297e+01 1.347944611941658444e+01 1.259599513397848192e+01
1.493917755818938486e+00 1.886793953887332398e+00 6.615481185975902179e+00 1.072336535502964061e+01 1.168872390534948735e+01 1.024550239295320075e+01 1.225613940064881646e+01 1.018095511589648616e+01 1.106801714948899296e+01 1.025810967646328287e+01 1.111190583838528667e+01 5.544340484833413463e+00 1.197729338065828131e+01 1.405820833091004118e+01 9.441324458222084104e+00
7.140075205545346471e+00 5.857694834383381455e+00 5.685285954976573741e+00 6.092058208827544341e+00 2.245748808640804839e+00 7.228737268685095252e+00 5.537995346336088254e+00 3.416635606225309374e+00 8.958586843973050051e+00 1.015500193337795132e+01 5.854936330267295652e+00 9.681440488271695344e+00 6.377487434604090843e+00 1.584935810368415332e+01 1.285382281635810209e+01
7.407971720642269275e+00 6.805675673897265909e+00 7.391244577413302430e+00 5.092515696328448804e+00 6.567533592567921019e+00 8.056520443476392401e+00 5.944199378660338873e+00 8.909286208775801796e+00 5.635951766042671451e+00 1.531072236835586686e+01 1.274908937944127274e+01 1.271394607101667518e+01 7.988037679506438060e+00 1.147125087987257430e+01 1.065553511673891407e+01
9.651438209624782161e+00 8.509200642319804331e+00 7.534401063986670088e+00 9.816902249952274673e+00 6.382027432674079570e+00 3.541545389493384377e+00 4.307330365072484568e+00 5.067745954763928751e+00 8.368689449592453755e+00 4.555121718746913295e+00 4.855483409164593311e+00 7.420652418448868914e+00 6.191799089887170204e+00 9.491603820714674455e+00 6.427435188510442821e+00
2.781010325511343417e+00 6.844184260783523932e+00 -5.355217998151733383e-01 6.783253713219077774e+00 5.908043443756471724e+00 4.756608774495385994e+00 2.354677191495712751e+00 5.821425482074609192e+00 2.258206291032613500e+00 1.627842346477213153e+00 -1.070146934723779308e+00 4.412771733787815620e+00 3.030011948788740472e+00 4.154379696982648973e+00 2.579512542505636663e+00
5.437404529296414601e+00 2.894401122622892064e+00 2.632365946065128304e-01 2.811239327272728961e+00 2.788552863545620486e+00 3.934889082908729296e+00 2.197905574214164215e+00 2.256249383024471200e+00 3.748783607383074035e+00 2.895705732417888534e+00 6.168671761264915787e+00 5.191304715719661012e+00 6.246559932157741635e+00 5.844077705804259226e-01 5.374368675230039472e+00
2.260072462644504565e-01 -2.709243367029476435e+00 2.885752850018493021e+00 1.678526982956066504e+00 -8.497060264205913427e-01 1.349657112289532668e+00 3.569636554334176815e+00 1.019844714687014209e+00 8.502306246594893979e-01 1.270613623876280851e+00 -5.190373406870127937e-01 2.093181785359363722e+00 1.256327932041935602e+00 -4.358887408181609524e-02 1.899868791342929741e+00
7.842281549259699780e+00 3.120993992610314294e+00 4.410894122729280831e+00 2.966437211658055517e+00 8.180099003229949206e-01 4.811142134605888465e+00 5.470152850378342535e+00 3.355599568536521193e+00 3.804530610712507865e+00 2.274270127201587055e+00 6.918984741150165929e-01 3.846963443579387132e+00 3.721231655524853021e+00 5.040765631376559419e+00 5.620869694551936746e+00
4.789278186823476169e+00 6.213513083566422068e+00 7.141931245767983327e+00 4.915613304344066847e+00 7.675470614634219757e+00 1.100574755220109147e+01 6.275371846219704786e+00 6.218653655087010179e+00 5.869661068140128890e+00 6.512253695320273650e-01 9.459167418003056937e+00 1.346675937411120350e-01 1.067581986311460263e+01 2.413093881922663719e+00 1.053291884394919187e+01
1.596098436068661286e+01 1.141559235892709623e+01 1.654274712688270199e+01 2.005010895605367693e+01 1.428984918762446021e+01 1.675368715638343531e+01 1.188513870944962392e+01 1.369946707805599928e+01 9.820026260054458334e+00 1.160938516986196589e+01 1.036356731169985501e+01 5.963286722721801603e+00 3.894370521610770908e+00 1.067508690370024738e+01 7.819437658849628825e+00
1.160191772059871695e+01 9.288405869767286660e+00 1.090707925370150200e+01 9.329522595252317529e+00 5.292290292546710795e+00 3.893837635949774612e+00 1.238484245846986731e+01 1.212738529041359037e+01 9.366918785873663111e+00 7.221049425571167468e+00 4.611670123480316796e+00 2.725527109407801074e+00 -4.977278956843563806e-01 1.771617354630731889e+00 -1.564107621820885363e+00
1.730491694657715485e+01 1.082733436993656717e+01 1.130121138888319976e+01 1.343969892470605032e+01 9.859450365816712747e+00 1.159775860501135014e+01 7.386811309451673857e+00 1.021106555546433192e+01 9.718529045084608242e+00 1.308075861911775739e+01 9.603224885768383956e+00 6.497212720824978582e+00 5.806913714135240490e+00 9.225985133042717834e+00 9.171538958673378872e+00
7.602196109720802397e+00 9.215032472054744517e+00 9.489445363489645402e+00 5.741587482817906540e+00 1.358845817415225632e+01 1.033374257060717660e+01 1.149606331315180618e+01 6.456855297920687242e+00 7.655024721873386007e+00 6.344260663252614840e+00 5.961195986778997202e+00 5.638878742861616722e+00 5.857717376916163232e+00 5.514166607832903466e+00 4.679677271639155478e+00
1.348897340449670423e+01 1.672201062288512219e+01 1.431447936208646610e+01 1.253270438979609125e+01 1.091393892691043810e+01 2.798394846935239766e+00 6.352646881174822013e+00 5.143893219766288993e+00 4.645489557566134131e+00 5.803546235084074745e+00 6.686381299762506059e-01 3.126537739235521585e+00 6.961745774859054769e+00 8.302204673686937042e+00 4.582290400835169919e+00
1.023939434463230391e+01 1.643846297339163343e+01 1.273289891382339079e+01 1.086636078177881082e+01 9.586637259085222240e+00 5.305136525530692815e+00 4.500429485065441604e+00 5.422520764675463845e+00 4.736651935470102437e+00 1.438277357642378851e+00 5.117172761924667412e+00 1.935124650508956767e+00 -1.313780968345070604e-02 1.301889329862865097e+00 1.911199389010197702e+00
2.930032559562788297e+00 4.731538244869267551e+00 5.435497721736703980e+00 2.194202963958794328e+00 4.700044273602647316e+00 -7.833768640132467986e-01 6.479018403983267227e+00 8.373696986249168361e-01 7.336465554896481889e-01 -3.736320254225644621e+00 -3.120770371155699774e+00 -9.108347066373398970e-01 3.721159961726890231e+00 1.050172928181975385e+00 -4.201288430725652390e+00
5.539434741810567608e+00 2.725733759891565189e+00 2.628617744819050639e+00 7.863688847231354195e+00 4.781698026679366720e+00 1.172658736362292231e+00 2.865261901363610253e+00 1.227724447969148619e-01 7.337534000463549200e-01 1.674750383561909084e+00 2.894258133399540522e+00 -1.974152604776056252e+00 2.552523181822596410e+00 2.143031858050077343e+00 -7.846660572780628229e-01
-7.317732338376147228e-01 4.701880802415140614e+00 -5.852841435368042466e-01 1.602176239295812987e+00 4.888472789726562517e+00 -1.388852958738626908e+00 3.369359758524939075e-01 9.959848078162207574e-02 9.453472541168701504e-01 -5.350166510384897212e-01 -2.885787010712903555e+00 1.647356215313277916e+00 -1.762958234533205770e+00 -3.258380087882412735e+00 -1.780720552335500972e+00
3.295831101741403479e+00 2.631859237703542576e+00 4.767845768562513520e+00 3.927194260182358843e+00 -4.202359896477829704e-01 -8.203577318087902359e-01 -5.636610838491772357e-01 -5.081082242295553719e-01 -1.666886739767901693e+00 3.332570405981703843e+00 4.372579325079763435e-01 1.095701707155671389e+00 -1.742874338727650185e-01 -3.472231622461769529e+00 8.473447983815632911e-01
2.885386480722031521e+00 2.138450186602647296e+00 3.681275090560443886e+00 -2.385903594836944031e+00 2.911694862939081307e+00 6.171306517578522000e-01 -3.743130380906557475e-01 2.372745711431726079e+00 7.554112734872847623e-01 -8.903030660297001075e-01 2.275865588972806053e-01 7.873012949602146149e-01 -4.330535380843713034e-01 3.087582634905575052e+00 6.880129846340384825e-01
3.425543579431183705e+00 2.223301010619993967e+00 4.263762502891997208e+00 -3.201229013106649535e-01 4.570875986464272955e+00 5.839718021898077538e+00 -6.469129874895590548e-01 1.692069756148354864e+00 -4.787500821802928019e-01 9.531227378919530091e-01 1.223205196319834043e+00 1.816455709583996159e+00 4.531923188617612119e+00 1.496853244799515870e-01 8.189842233939518934e+00
-5.999586292719811809e-01 1.616085597652304751e+00 1.481203791674160497e+00 1.646011729263932022e+00 -4.408769320841129380e-01 -7.845952149769588324e-01 2.620438376686355042e+00 8.342469386557483935e-01 2.488798682030262999e+00 5.396189604088877267e+00 3.201179608209594463e+00 -6.493117360134444960e-01 4.271947173077027315e+00 1.854139708013968324e+00 4.631576689128061197e+00
1.073107234241433006e-01 -2.290619352428850508e+00 2.487387142789864836e+00 1.605519617481615757e+00 1.402568644122568875e+00 -1.507122988946540065e+00 -1.516338943177245380e+00 4.331848823780413693e-01 2.520976839475995934e+00 1.472561893330953220e+00 -1.325495003957976925e+00 1.008662051598035791e+00 5.167277179716921465e-01 1.267559344684050071e+00 5.019313075619109554e-01
2.959946152602543457e+00 1.908337057225412359e+00 -1.830008686484604075e-01 1.438766490023234645e+00 1.949942469176544568e+00 3.732179412786448491e+00 6.910909410770730288e-01 9.924927424195006953e-02 1.244740096557491293e+00 2.343953492923250614e+00 -2.498151682171333654e+00 3.149035302826070915e+00 3.429498344218131933e+00 2.698242561598134692e+00 2.732040094455590040e-01
2.139871065479260481e-01 2.738263755689006818e+00 1.208972810020390476e+00 -6.903239325129532089e-01 2.920352816131687401e+00 1.527549919879499507e+00 1.014891634783505747e+00 1.890544791000358993e+00 -1.330395884627347369e+00 2.104304906158321220e+00 4.204888526311144403e+00 -1.185855516115085440e+00 -1.703224746730062356e-01 2.423161204496794563e-01 2.154961629676876544e+00
1.935158403361664670e+00 4.504891323268903847e+00 7.546553136724000410e+00 7.091259071964566729e+00 8.862093138246338597e+00 2.846061470887894629e+00 5.974365080831157471e+00 -1.261549632896691309e-01 1.138097356754874889e+00 4.758295511134399192e+00 3.346336087589846908e+00 1.374231386513584008e+00 1.822883495665811759e+00 2.790592878060214943e+00 9.440907174404397639e-02
4.510711746568000891e+00 7.379204125346498166e+00 5.008488666683177826e+00 5.794734506634055649e+00 4.996480874650928605e+00 5.176907557128689774e+00 8.257192374655913270e+00 3.983584962096526905e+00 7.490123324081689127e+00 3.891661063180869906e+00 1.013940878833506032e+00 6.209055977805877369e+00 -1.677098644595070021e-01 8.810409635855139809e-01 -8.724823230268004270e-02
1.031107335336632325e+01 4.353895847212537973e+00 4.681918064627896392e+00 4.358747322256363077e+00 5.150480201362984012e+00 7.337729825792835392e+00 4.227701444433873412e+00 1.703787931998960392e+00 3.272326170983153037e+00 7.982977177659653645e-01 3.901894082809391762e+00 2.284379441062664995e+00 -8.944575142024515646e-01 1.606496295701179911e+00 -1.174149377576509723e+00
5.832448927477877909e+00 7.587920950938821463e+00 7.465353936972676685e+00 9.206419107145148217e+00 6.335278688993639662e+00 3.264317123579533408e+00 4.045462949159826849e+00 5.422327548941924924e+00 4.466029148681309735e+00 1.023738772003720987e+00 2.614485012406144726e+00 1.643102229005302339e+00 3.981562594347225481e+00 6.928555565077032519e-01 1.783214342465640811e+00
-1.817347034998332500e+00 -4.174477545646052001e-01 4.924190528291958024e+00 2.919939547123422852e+00 1.799447536132684933e+00 1.685027077103161242e+00 -6.087489951250930620e-01 3.337126440266205751e+00 2.365934247911593569e-01 2.106158722849866383e+00 1.894274773019239300e+00 1.689035708056736196e+00 6.999653215075580803e+00 1.656741266445717731e+00 -3.659948955563571693e-02
5.654653532092391188e+00 2.381158206785953357e+00 -1.777352774758508558e-01 -5.081984486806535584e-01 2.005352923917259833e+00 -2.350802656210886910e-01 5.316804304047026086e+00 -8.407625202569061207e-01 7.107288025507837448e-01 -3.867643457106709093e+00 5.571487800884828978e+00 2.929909473882681858e+00 1.102853469898556371e+00 1.531802541231570114e+00 3.336308602175931171e+00
8.287845765109439489e-01 8.932222775281757343e-01 -3.489299820236628769e-01 1.005243245534240604e+00 7.883073565348037715e-01 1.389255336710520927e-01 -6.232603422738031140e-01 -6.698184767116382998e-01 2.381145147142854857e+00 1.232084442990903694e+00 8.327546985277534120e-01 -9.426528716717255119e-01 -1.545044516774725096e-01 -9.339215580511237569e-01 4.523230631182909356e+00
1.297963390631153180e+00 6.945482928238014830e-01 1.547267603557010318e+00 4.281492445242630618e-01 -7.104657631467922174e-01 -6.936478099228630956e-02 4.785039250438595237e-01 7.428032081796561714e-01 -6.773203074699103432e-01 -1.854533465842577833e+00 -1.394066700139462434e+00 8.355462566588353068e-01 2.605160394334012364e-01 -7.374043601674800108e-01 -1.717455480851732386e+00
3.912685931985664944e-01 5.467949723373195958e+00 2.764326481355605214e+00 1.741093551370917147e+00 2.392735179982860227e+00 -2.259909705169186545e+00 -8.369744287953706507e-01 7.299883165574310162e-01 4.618081379930299768e+00 1.138164779986566622e+00 1.560233597282375539e-01 1.996012930595629786e+00 4.093939710080403138e+00 3.935149444010991093e+00 2.635980709039406733e+00
3.083658324466288736e+00 -1.128553060365264482e+00 4.260410789530298947e-01 -7.647593043365971122e-01 1.833058759978961616e+00 1.760260863939566711e+00 2.409027016779093699e+00 3.719502807796490007e+00 -6.383037277061427428e-01 1.417540913153919391e+00 2.414008350298245897e+00 3.576541063355880290e+00 6.407401562979625709e+00 1.399404648894657655e+00 7.929817322349667075e-01
2.642056585232221089e+00 1.069108275271178243e+00 2.844671393647788982e+00 -9.644415405002157438e-02 -1.491637903229900974e+00 -3.863761245064347705e-01 5.060716656106593048e-01 -5.883437571241777464e-01 3.304624924811390585e+00 1.218318514201734537e+00 -3.082207263226515614e+00 -1.623615336275207044e+00 -2.617774484263836410e+00 -1.486063533020489658e+00 3.027357945653366134e+00
-4.887245173579571222e+00 -4.292361030226482521e-01 -3.217410720533943058e-01 4.048427434061751540e-01 -3.304915233152125320e-01 -6.781656296068418188e-02 -7.448368535861735751e-01 8.441849434019139675e-01 2.495278205006534744e+00 6.085372438494848074e-02 5.472045251824349421e+00 2.292045551166114192e-01 1.908324441190410337e+00 3.604915349321587748e+00 5.507086606849373567e+00
1.899321644248423979e+00 2.001835347656282238e+00 3.858946316668260046e+00 1.208871101893240096e+00 -1.770468162562903736e-01 1.436393561299537991e+00 1.380950031075125928e+00 3.100894451094435844e+00 3.704797750644730492e+00 -1.103561572752816522e+00 2.054065835660375150e+00 -3.098465627673080425e-01 1.408656487642069299e+00 2.017395281828122222e+00 1.004899081350675738e+00
7.099561332177256601e-01 7.401326056404368137e-01 8.545899843561035603e-01 2.593480167377013146e+00 1.173948655792264040e+00 1.495469026333898091e-03 -1.710927096616240650e+00 -3.211257687501863245e+00 3.761192251128349540e+00 1.517107291223618093e+00 3.802552489152187132e+00 1.756321583331098835e-01 8.967030079810486276e-01 -1.785736892074817339e+00 1.591542109627944734e+00
-2.002944139311571004e+00 1.618008482572337536e+00 2.029159847325785027e+00 -8.130947324539220533e-01 -8.008042732713990253e-01 -1.310994726267542543e+00 1.420760628906480250e+00 2.443801640885050475e+00 2.823956969180553944e+00 -1.232559283633649638e+00 -2.365872780285266375e-01 6.326904562704863677e-01 -3.162738482476948332e-01 3.364189177436672562e+00 -6.954991268269826721e-01
