3.962961808378154149e+00 1.173412691712121925e+00 -2.201843311582517976e-02 1.235051326335443678e+00 2.109945869503112359e+00 -2.077747312388914747e+00 -4.132310807429327326e+00 -1.501260363175567880e+00 -3.333902676643531460e-01 -1.002985120332168245e+00 -1.881458098300951232e+00 -4.405511352755875798e+00 1.750934585220016659e+00 3.434756549703014361e+00 -2.705156145990201821e-01
4.348957514214149001e+00 -1.076292329973055129e+00 3.655425423947067820e+00 1.410307804675934973e+00 -9.901321786372678790e-01 -4.278012985948144831e+00 -2.326145487984737414e+00 -3.179232764298811076e-01 -7.551096543425043217e-01 -6.299026759297127853e+00 4.955746438046152669e+00 4.334664035662497916e+00 -1.015199457134599914e+00 -5.105249173646193156e-02 2.588154508168170609e-01
3.349594612132018590e+00 -4.453567003125922241e+00 -4.998601427163620881e-01 -1.008353908507114531e-02 4.329108085353108315e+00 2.377697172968875616e+00 6.274641514305869805e-01 -3.130287528142948084e+00 -1.899035205291198958e+00 8.486063989487868664e-01 -1.111938529796460573e+00 2.352033093542600650e-01 -2.465700553232719194e+00 -5.324042584409099943e-01 2.276613635381085299e+00
6.090629203239660505e+00 3.251341684847780744e+00 1.162599449657078177e+00 2.473059878781044940e+00 2.343440432622655223e+00 -4.007008839415649781e+00 -3.578540924251902844e+00 8.892167034998913477e-01 8.622856491918724775e-02 -2.492402659217512362e+00 4.840883747041041296e+00 1.473195315898059965e+00 -1.675583965849729795e+00 2.355082270393670463e+00 -6.564714551485885119e-01
1.173864264650158917e+00 -2.818661791830739283e+00 2.341956057354576792e+00 3.874771502390301769e+00 1.711035100386205876e+00 -4.957074202934881324e-01 2.066452894727446754e+00 3.376348929405948329e+00 4.573372673089638241e+00 -1.132990441806564830e+00 -3.694771664357178409e+00 -3.711004790284710281e-02 8.486017483871628464e-01 3.244573313626522459e+00 6.514302094324458947e-01
-7.015364337344911938e+00 4.478022312504723046e-01 8.802261817996414051e-01 3.079709662547346571e+00 4.638357043999034035e-01 6.578573520072863445e+00 1.952358803006335686e+00 1.319329825178100712e+00 2.247594698128566382e+00 3.324692339928088547e+00 3.689391119632789096e+00 -1.005195179139512174e+00 4.597933606585683286e+00 -1.663004768365188735e+00 2.881647441129900900e-01
-1.967026196842293628e-01 9.862613341865086314e-01 -1.665539535571518348e+00 2.296767702855381010e+00 -1.243772558997713773e+00 -3.799320767363379758e+00 3.911081237931503640e+00 7.433990742031176824e-02 2.433273815137256602e+00 1.103153142618094940e+00 1.629766528146943949e-01 7.367024583369116142e-01 8.276427736332804486e+00 -8.144282534820662667e-01 2.984032930565025499e+00
4.207777257093743728e+00 -1.351755026551345606e+00 1.321412490376211002e+00 -8.728090258223741849e-01 -3.682490450477438504e+00 4.127025700294828070e+00 3.656832397111319799e-01 2.988547816827106018e+00 3.224146747274362568e+00 -1.545687968570782500e-01 -2.093585600349709974e+00 -2.762783473680776591e+00 -3.576330608782032794e+00 4.708783534483536926e+00 5.617920600047503044e+00
8.982496796024004304e-01 7.275481931690943593e-01 4.720476963601594189e-01 4.884694541899281539e+00 -8.185748314710863838e+00 1.126789114501733878e-02 -2.312626613497875461e+00 2.977683593586647248e+00 1.827060164364313843e+00 -4.719980276398355046e-01 8.721943624658480276e-01 -9.754293787171058883e-01 -3.217068288717876534e+00 6.072761980862171338e-01 3.494365246213375187e+00
2.253939483595311266e+00 2.790344586470233867e+00 1.016105669856203431e+00 1.408320083869460060e+00 6.719423838266532556e+00 3.341653086843871190e+00 2.889347024300786160e+00 2.010550239239364601e+00 5.136943378881592137e-01 1.143376853431908244e-02 -4.791995512159862969e+00 3.564327846298402935e+00 -6.355785163612781119e+00 -1.454562121147054743e+00 1.110024980583742771e+00
-4.834809507272321838e+00 -5.961581809760662098e-01 -1.033396718466277585e-02 9.128518458116209322e-01 2.483595996901471814e+00 9.934033075478110320e+00 1.728552354347381304e+00 2.737893383436520889e+00 1.425265899076244791e+00 1.959332169748076335e+00 2.690603475332049133e+00 3.060179556299464920e+00 -2.369123910626733664e+00 3.360882369850410445e+00 3.604553906784556006e+00
1.733705648310244651e+00 -9.444846347053772462e-01 1.173200851722532745e+00 -1.528007066173164175e+00 3.979519748268565582e+00 -2.645853617445129036e+00 2.421958465213928768e+00 -3.762386136758594235e-02 5.310502562482370514e+00 4.602622804336349294e-01 7.574137041406634019e+00 -3.058631402555470835e+00 -2.584094224868539236e+00 2.838011650622996207e+00 4.477562881594695510e-01
-2.417423818149233128e+00 -7.559170322973566281e-01 -1.549026605280330093e+00 -1.775577454957949719e+00 -2.832765080050057005e+00 2.069077933071731934e+00 1.258512989144837044e-02 -2.353370777562742988e-01 -4.683375184522086537e-02 -3.598801569421492541e+00 5.946526609888910464e+00 -3.204707161893204592e+00 -2.671456360043469314e+00 2.455176739313820189e+00 3.846002054596455277e+00
-2.650888998219653736e+00 -5.069222938183489902e+00 2.928893083942975206e+00 3.835733950704796946e+00 -2.410427213620841780e+00 5.561328560408800747e+00 4.344099606869484403e-02 4.608498026003544190e+00 4.011180203405182887e+00 2.541046922845225930e-01 -2.461959626327306250e+00 -1.194010466714450880e+00 -1.091422947950872357e+00 -1.358601935207289779e+00 -1.144703368678255728e+01
-1.814428121404623395e+00 -3.346559428169096240e+00 -1.625304147307803593e+00 1.751518601880977632e+00 -9.867431610318887492e-01 3.572553997847788959e-02 1.637015056365551890e+00 -7.888078323810087111e-01 9.908795739238357436e-01 2.382908342447135119e+00 -1.008937565598141406e+00 -4.227773917056574682e+00 3.154251336836333408e+00 1.564489167293537930e+00 3.448272300454622297e+00
4.431307396814987420e+00 2.882014752596463225e+00 2.660528473210401756e+00 3.277291671050894362e+00 3.603430654124825328e+00 7.654431535744098625e+00 -3.901452680825284958e+00 4.429486366933286234e+00 2.098825210218492554e+00 -2.137408259696354840e+00 2.474394473498748581e-01 1.031879639499682089e+00 8.727458388196490668e-01 2.840824041524450116e+00 -2.919474458854637522e+00
-1.155357801702327603e+00 1.837216021548759404e+00 6.075088830932434680e-01 2.171465817076173366e+00 -3.506911221330508255e+00 4.807351793091078740e+00 -1.379654610145793825e+00 -4.913742216240526289e-02 2.184298869240592023e+00 2.175567758651603345e+00 1.325740022096945525e+00 5.141809603012690300e-01 2.529636807761033612e+00 -3.336630766849010499e+00 1.683224150536970498e+00
-2.145537998839698091e+00 2.458558474619247480e+00 1.363735053255075602e+00 1.209118136285519673e+00 2.755808264629722171e+00 2.776429852146793831e+00 -3.448247701622076722e+00 -5.855465296629928096e-01 8.125288661313454508e-01 7.656792194543269314e-01 2.425721431691612917e+00 3.852968206093733361e+00 -5.715661679813732299e+00 3.791517112632797337e-01 4.815336952711553486e+00
6.606800698780705972e+00 3.611349811427004397e+00 6.267791157001492142e-01 -5.154510813479450393e-01 2.556368068724618858e+00 3.525223922453360359e+00 -2.595231427636098598e+00 -3.644781810059714910e+00 1.096857595458780699e+00 8.431697377576304053e-02 -4.264182274807241768e+00 -3.486846091544197002e+00 5.693210555716007315e-01 6.503834039039353421e+00 4.284186911799416464e+00
-4.255692162743329732e+00 5.416624487787818687e+00 9.828511149910608147e-01 5.530847866584863715e-01 4.760427054113014478e+00 1.972459367947060560e+00 6.520039868097764924e+00 7.989277648608791305e-01 1.592640438073708475e+00 1.337976881912687599e+00 1.820243543459744373e+00 -2.963376927710482001e+00 5.482439522364620288e+00 2.264090165845749514e+00 3.208771256965148755e+00
-1.536560402066923681e+00 1.056091927339145364e+00 5.203842109500179669e-01 2.032780862812672673e+00 3.188732007802024260e+00 7.703999296021062371e-01 1.855066100836271437e+00 -8.075267179793056693e-02 -6.068300435933143833e-01 3.488847378868447979e+00 -1.010311407916623105e+00 -5.806902679992960170e-01 1.663420020728021420e+00 5.741592730226781072e+00 5.521251472802776838e+00
3.101575011362535328e+00 3.010189005482378555e+00 2.471295740187347434e+00 -8.698998585649285742e-01 2.858865820282527892e+00 1.325247690300576542e+00 1.351505833150676628e+00 3.776507758215920330e+00 -2.201994018432352984e+00 -1.403779208184075644e+00 -7.244656938047253636e-01 9.627474322074498492e-01 -3.185727849203890294e+00 1.656148925296132335e+00 3.293939531462517945e+00
8.050914337149063016e+00 4.177776112213980042e+00 1.013371842693151725e+00 3.854272135966557156e-01 2.009037405302261714e+00 2.999529635682102402e+00 -1.948356659919531886e+00 -1.028108506849435777e+00 -1.686070410173212686e+00 -1.421313102236233750e+00 8.360835124780974681e+00 2.601362937664880359e+00 -7.558193075662820171e-01 9.759515184569733659e-01 1.686030717332016315e-01
-1.320646608364087760e+00 2.406993148144660033e+00 1.803558896721952631e-01 1.670838303710497241e+00 5.243548278127963869e+00 3.654665431634659178e+00 2.253706613004677450e+00 8.412252694884562176e-01 2.455952912668314114e-01 -1.728604390245120026e+00 -2.855772526637751163e+00 6.661992498124053697e+00 -1.382653883166367281e+00 2.954808924350671440e+00 -6.167978401402257838e+00
2.046577211374660976e+00 -4.741205232619774557e-01 2.482117304661241253e+00 2.155142438277533934e+00 1.299973208730214325e-01 1.218793506708079066e+00 2.637205574916006157e+00 -1.225788954351822779e+00 1.560704841948315380e+00 -6.948666201226961547e+00 3.705867457545595212e+00 -7.963769211772341317e-01 -8.003405818359242696e-01 1.635014499735520488e+00 6.995053080982045479e+00
2.543618682348133486e+00 -1.105302719884042606e+00 -1.105634135342720370e+00 9.698093125742945908e-01 -2.090669128901985196e-01 -3.197874975736654246e+00 -4.387434622222018965e-01 4.166693064823186354e+00 1.559568138258348835e+00 2.469958079853799227e+00 -1.031972943368887785e+00 3.468617634030260355e+00 -1.074252831782676720e+00 -8.403050584520094235e-01 -2.013340275072412755e+00
-9.907913330090798443e-01 1.492456405042325018e+00 4.750155622952260681e-01 6.512484589881561980e-01 -9.016158616360641087e-01 -5.617235991336357870e+00 1.855397689900958991e+00 1.458363286667431424e+00 -9.427539250317028552e-01 1.623669518969937053e+00 3.526817237562356766e+00 3.338089121753238242e+00 6.063205677824628381e+00 4.494811883400370967e+00 2.414945694856629466e+00
-1.012689289012971949e+00 2.504676744617184703e+00 -4.212630406839064534e+00 -5.130743440454477167e-01 -2.407356386769008427e+00 1.566767669633543969e+00 3.635022105562740524e+00 5.744871130469936027e+00 7.036719238308061897e+00 6.799027749293649947e+00 -1.394484943755752493e+00 1.787054748831697903e+00 6.578896223175695335e-01 2.399290799904127081e+00 7.180716304854912302e+00
2.551257696410629272e+00 1.374887247351215036e+00 1.861109987740708238e+00 3.345127116166170533e-01 -6.115489997529324206e-01 1.651882490904721834e+00 2.932240605709577341e+00 -1.897910511417212898e-01 5.828814653022643455e+00 3.724573249354522275e+00 2.804650385532992285e+00 4.966508938947946206e+00 -5.475585693082823724e+00 4.677283302245416330e+00 5.923538004474519170e+00
6.701898851944374513e+00 5.510667533087150183e+00 2.591719676285462182e+00 3.765158119366484701e+00 3.660004488509644105e+00 5.890816456814265578e+00 3.944714394123364887e+00 -3.285733341266382723e+00 3.376643117702463393e+00 9.225666283463374029e-02 1.379069603230929975e+00 -2.175995111701099827e+00 5.068910682548244395e+00 -2.444558791329566105e+00 3.340531841854260442e+00
1.415098363544449178e+00 5.924618952320990228e-01 3.735121783452807209e-01 7.586274620519438683e-01 1.659156903294030094e+00 2.688638996378278634e+00 -4.788543493483858882e+00 2.262659032931327641e+00 3.577917994292985515e+00 6.520700971723440098e+00 -1.086034151674443393e+00 5.157938985745212257e+00 6.771849328380277200e+00 5.201780023487962090e+00 5.402648834041915649e+00
6.441464334967844430e+00 3.034537419161743799e+00 2.414518065831968485e+00 -2.095384242198132796e+00 -9.785428992615674559e-01 -7.163517880356569556e+00 7.431011984866709996e-01 3.040241223369868351e+00 -6.132621842547619773e-01 2.179142299238069569e+00 3.267807866718304588e+00 4.766500177323719889e+00 8.298447310348285200e+00 5.228008187300089205e+00 -2.853748127668772394e+00
7.857042526288605666e-01 -3.202756415714453020e+00 -4.694468162248897514e+00 -2.589974593576981121e+00 3.145147562166218602e+00 -8.538502301332022704e-01 2.820586240595423178e+00 1.674163032356035474e+00 -1.320630559172453422e+00 -2.696236062429355762e+00 5.449727369468122973e+00 -1.096358936310906751e+00 4.763580857947968816e+00 -7.917150614257431052e-01 4.705530669569570890e+00
-4.440276668873226917e+00 1.839093819971323374e+00 2.850709211954485678e+00 -4.695330521722806960e-02 -4.166116534713009689e-01 9.248675610088106680e+00 4.426325651382489568e+00 4.173105989683687511e-01 1.622773543128911145e-01 1.762842474672476234e+00 6.662586829138179567e+00 1.723851501537195130e+00 2.088343309124343961e+00 3.010545784687018500e+00 2.043056045517558594e+00
4.005636242572830241e+00 4.417264776863394360e+00 5.470231604802097358e+00 2.886978480947477887e+00 1.849329528436664261e-01 6.287992417904943565e+00 6.075592628120046079e+00 5.780287644857662332e-01 4.442359830917268049e+00 5.955927461232776388e+00 6.363973186456277631e+00 4.025486628426561353e+00 8.330724845406555445e+00 2.709959127749779650e+00 3.535142932157703921e+00
4.679947667029855651e+00 6.424638653173163627e-01 2.200587753217016218e-01 1.549016387984913701e+00 -5.579167658268587848e-01 -1.961920181038046440e+00 9.953607390735625948e-01 2.018495185639638922e+00 5.978314496004418110e+00 4.361644293298246211e+00 4.993810878532498165e+00 -2.439711165419176986e+00 3.991363590725800076e-02 1.627424061722581250e+00 1.537644796460382546e+00
2.898814606467104760e+00 -1.244624389088761163e+00 -6.216680003719466940e-01 2.990237359497542879e+00 -9.784399285169367300e-01 -6.947083455195149249e+00 3.153573495112015346e-01 2.089591377972506159e+00 3.188761239141071790e+00 6.054449503117744769e+00 2.201408830642644698e+00 3.118120154851026893e+00 -5.090378899769342880e+00 1.162213506283829689e+00 3.263607038568742680e-01
4.621213762783318302e+00 -3.225039644118659954e+00 1.692720121289912560e+00 3.079423005230373711e+00 1.961611816777060646e+00 2.295767451702532380e+00 9.298045991005945865e+00 3.977544953521961357e+00 7.404143283940562981e+00 7.271191600517917131e+00 4.254778729024200068e+00 6.032546280034965847e+00 2.848941113381297185e+00 3.494208458555865704e+00 1.160614903582225743e+01
2.954579536017310978e-02 4.582765109354038358e-01 -6.874166468351059489e-01 4.114885412366059647e+00 8.944330557592314324e-02 -2.625066517763762430e+00 2.375323613183292437e+00 4.407526861955437525e+00 4.392661575027059229e+00 5.843513076328841649e+00 4.411954120674303148e+00 5.951326911955486132e+00 4.916733122570860814e+00 7.841451265424210781e+00 -3.883712067515909805e+00
-8.089798527001247352e-01 -9.896106431504182455e-01 2.812743992298061269e+00 2.386403123777597113e+00 6.064895996626664676e+00 6.110785365564010085e+00 8.770964122991877332e+00 7.767963028174018625e+00 1.017047026452634917e+01 4.345432562375708407e+00 1.267354760394672120e+01 5.977969462131548894e+00 1.526112030810887710e+01 7.791082932990706311e+00 4.163843901671390846e+00
4.182943374319751939e+00 2.162078956825618459e+00 1.283108912700722470e+00 1.206377768087276259e+00 2.404719719617923079e+00 4.654452758410950963e+00 7.678352841612926305e+00 9.115363581609306820e+00 1.008873177191748383e+01 1.567507515805295171e+01 3.566744828905103049e+01 3.036951171717809572e+01 3.910354742389016280e+01 3.503659119127765109e+01 3.434992621089161702e+01
3.706510791035263264e+00 2.055786602391151519e+00 -5.781640765926914227e-01 -1.582468564922821841e+00 1.721821083893664506e+00 9.520623902371752934e+00 4.421002355710554887e-01 5.387999056407159593e+00 1.035540152847498518e+01 1.442115278542826928e+01 3.290624940723782643e+00 1.327137980881304280e+01 1.105483462001976847e+01 1.577557106496381500e+01 7.299685823262486828e+00
3.052709161322620712e+00 4.463255695950679502e+00 3.594283718855701526e+00 -2.394127164018474696e-01 2.044574617363874580e+00 -4.905274708662597405e+00 -3.169669109503736593e+00 9.125484535346947146e-01 8.298948871808580208e+00 1.120801686014882748e+01 5.828517619630150470e+00 1.597462518529078146e+01 1.759777426944236467e+01 1.675996619948806909e+01 2.118613248650023451e+01
3.278076092534587094e+00 3.825569446793647188e+00 -1.201102610821803918e+00 4.458755383629951830e+00 2.015182510187800258e+00 2.380755631821374507e+00 -2.183487128567414559e-01 2.997515543036466390e+00 -4.369866872805033609e+00 3.009399328360796710e-01 2.989737107369695668e+00 2.911654434571933514e+00 6.306630858010752405e+00 1.422214730831728424e+01 1.599144650293804482e+01
2.016086135161866189e+00 -3.754646783678639577e-01 -1.472849577207383964e+00 5.307393161672827597e-01 -2.190328615526966338e+00 9.723735312578865031e-01 -3.498461029781382070e+00 8.521477378535832203e-01 3.450679021414952530e+00 -9.100299702248799694e-01 8.416751515085970636e-01 4.241069334836138793e+00 -3.403946574024772520e+00 -2.964658487192034286e+00 6.581914308346252795e-01
-1.043686113073107463e-01 -3.085077092671390186e+00 -1.847040026014572289e+00 2.452287980647142263e+00 -2.755501429989655637e+00 2.031376952014214865e+00 -1.141581026266849097e+00 4.797924564379377088e+00 3.903942524772232026e-01 -2.302118893629836460e+00 3.574131425668828577e+00 -2.234499717357524062e+00 2.770092444049741420e+00 3.355960449491932174e+00 6.505278190177962827e+00
-3.252753277259559983e+00 -3.885906804638746603e+00 1.023151389052249643e-01 3.959350445243099981e-01 -3.184356680892848956e+00 6.034409550716688386e+00 7.614152373495628900e+00 -1.324210191107305090e-01 2.783085314527772081e+00 -1.734042530399287685e+00 6.186975561531821377e+00 2.084941636792299047e+00 8.193431542952527735e+00 -1.228131975032177081e+00 8.144699814075860855e-01
1.173058754087191735e+00 -1.191108582115943282e+00 2.217465788207283239e+00 -3.686569425810771961e+00 4.333079523057784543e-01 7.487610447013808290e+00 -4.305140388228887449e-01 -3.053158458788993168e-01 -4.741130524934837331e-01 5.826419310053336797e-01 3.624078750108518765e+00 6.465643201425256947e+00 4.352337129315442255e+00 1.411692385000518080e+00 -7.338108461797967941e+00
2.548397376435363793e+00 4.188461577186577856e+00 6.046730905824244218e+00 1.740268090023431968e+00 3.896328893466829424e-01 4.431474987862014991e+00 3.078395321960087916e+00 2.236800018622963349e-01 1.935795672206964912e+00 -2.137406381815450285e+00 -2.686071964368847986e-01 5.743650605325923975e-01 2.348862705809368290e+00 5.219204997334577989e+00 -3.837355473953111273e-01
1.866557849425863003e+00 1.749902684011600540e+00 4.361276825506620547e+00 2.497753967536308295e+00 4.242098228645900804e+00 3.002377366067248587e+00 1.253384127358499134e+00 2.977427016614236255e+00 2.977192865623237594e+00 4.990132896559469344e+00 -7.947562101966515469e-02 4.089379278397311523e+00 9.172141518000394456e+00 3.332457874656129526e+00 5.581447261704209239e+00
-1.909332560801225265e+00 5.140297414433671719e+00 3.873811072904122521e-01 2.365417660894119756e+00 5.949614289441012893e+00 -5.215764043602586497e+00 3.716831248435676471e+00 4.437621437294752447e+00 1.857332754208641079e+00 2.253702603019441142e+00 -6.688909637587512336e-01 5.718806491521273294e+00 9.202733829929284903e-01 2.835220932344652556e-01 2.970509569420484386e+00
3.450353197972490626e+00 1.107517027500501960e+00 4.969110847054553637e-01 2.858028396924938264e+00 2.810679080177984179e+00 2.327041157675444172e+00 3.870633495625164788e-01 3.346596156593480975e-01 3.930154770049843815e+00 4.796147318497134826e+00 6.534327306543597835e+00 4.603548881099744250e+00 7.048531716283927828e-01 6.114253946849171228e+00 2.099662293716271666e+00
-2.638886119692416710e+00 4.604670448273479266e+00 3.418886365739779443e+00 5.071592145078278602e-01 -4.076117156333332048e+00 -7.288815030304788500e+00 6.905313600775098148e-01 1.675424872588076486e+00 -8.027026611582960269e-01 1.540279990513768071e+00 7.182828780523617951e+00 1.328065251296589366e+00 -7.729506460985396288e+00 -2.770535710183273270e+00 2.412219375893105866e+00
-7.157327732859560809e-01 -1.909323527525828901e+00 1.611724657915417858e+00 4.127785604864882552e-01 1.713399037938526215e+00 -1.832654755144238923e+00 -1.974312411155784153e-01 9.739069525418095896e-01 -5.710639523960241437e-01 -5.465716341834557790e-01 8.111066731763815207e-01 2.226601598012066141e+00 3.938301567193565056e+00 -6.476423153444745839e-01 -2.282242705723060539e+00
1.544412043955719849e+00 -3.745744153621576977e+00 2.064033382865205102e+00 3.369717601752724168e+00 -8.211934385228896183e-01 1.156874369121900337e+00 -1.833332204722667669e+00 -2.006257583456465543e+00 2.696680278938434316e+00 5.645613228044203957e-01 4.071418949462097814e+00 2.685886094252182943e+00 3.250527385787959744e+00 -1.970310071456644385e+00 2.124478602638399494e+00
-1.086024933804995873e+00 3.438547878067037988e+00 -3.241561615108575989e+00 -1.257009079685308395e+00 -8.273810890608367385e-01 -2.988490484109090239e+00 3.604672635768621181e+00 -6.525292041276957722e-01 2.744867770728078415e+00 -2.243456856840310376e+00 8.716586217777029688e+00 4.184287953391287868e-02 -1.375229713179941582e+00 6.024539195627038879e-01 1.037717640614823633e+00
2.245604488698961898e+00 -1.253659696566958193e+00 -1.923473779769063086e+00 1.231033614530324893e+00 -1.867470707188235268e+00 -1.948991933012216293e+00 1.718952454293844134e+00 4.056985815304594567e+00 7.211208466855131283e-01 2.309047463282248025e-01 -1.961978569158622010e+00 -1.359178010162996442e+00 -3.135146242654356374e+00 -8.192160042885434645e-01 1.322501269914313271e+00
5.740542264958556906e+00 -4.461650539463439258e-01 2.046439026449646370e+00 1.087823940498205792e-02 -2.097331462937713109e+00 -3.386185567288853004e+00 7.999047054196505024e-02 -1.714238735661706370e+00 -2.595883380193169998e+00 2.980171279546640406e+00 -8.181667881581438095e-01 5.520745160352545255e+00 2.249493930034176969e+00 1.091628244432857775e+00 -8.607164590705462359e+00
4.398630968135421426e+00 4.476142328311049745e+00 1.288955016120441277e+00 2.216774042706176395e+00 1.497206038971916342e-01 -7.598002225036959434e-01 7.519811871880254239e-01 1.614332718687976786e+00 -2.582011445052053933e+00 -1.704970767346076554e+00 -1.888065944136487762e+00 1.548164121088029921e+00 -4.915141497590495234e+00 -4.980755795292366450e+00 -1.484886918584246818e+00
1.301470411097386037e+00 -1.674341955399457849e+00 -2.607010693709026494e+00 -9.787155604774816497e-01 2.571611600537889064e+00 1.377405988077624155e+00 -1.306160217299526360e+00 -3.647238857393519940e+00 5.247889319745252523e-01 -8.861238629103975958e-03 -2.214005874023018627e+00 3.904232468240627529e+00 -5.680662763573072344e-02 3.226244496033436882e+00 -2.977660423270989121e+00
-3.500848293405450118e+00 2.935943472580900604e+00 -1.478196038314199878e+00 -2.948594211934700282e-01 4.049813116816056713e+00 4.500713152126186500e+00 -4.878264503803374508e-01 -2.257027243907176461e-01 1.182443573493114908e+00 -3.481037243616630583e+00 8.207200005352101257e+00 6.402728486915744810e+00 4.833297749688302503e+00 -1.275051499280470679e+00 -1.490146677454238677e+00
-1.847388740198140644e-01 1.731065665418434207e+00 -1.583650172543841439e+00 -1.728198921965142520e-01 -4.638475329549878734e-01 2.678549479538278044e-01 2.833415738434017950e+00 4.217438043187521579e+00 -1.821120330237989027e+00 -3.304983125144138167e+00 2.067382522415780244e+00 -2.810886985036050723e-01 -4.989549470145617782e+00 4.480269244462233402e+00 -1.218523808847764123e+00
9.454853631342073628e-02 2.133679275324651847e+00 -1.477600130690353897e+00 1.231439594108513447e+00 2.353707426427014970e-01 -2.320091259671377415e+00 -2.034661369581766799e+00 -7.536019081763331018e-01 9.561739022285834499e-01 2.658518172053730311e+00 4.320654380396319993e+00 -2.578453382025460261e+00 -2.546816340592660821e-01 -2.464019700729916273e+00 7.653265684324940032e+00
1.311476083374535084e-01 4.023670455773837099e-03 -7.978027840779920998e-01 5.181091630365540546e+00 -9.812691304188994046e-01 -3.287069328807272206e-01 1.662347110926186033e+00 1.028293440551645288e+00 1.587112831072880592e+00 -1.220330927093250750e+00 7.420676416014569676e-02 -2.382783108487388724e+00 7.670989512084460671e+00 -5.847607761251937264e-01 -4.768580812482189124e+00
2.985927953407339963e+00 1.968884889235883007e+00 3.732482516876008405e-01 1.745481918542555411e+00 2.726418994349716574e+00 -2.622971400920632301e-01 3.112130012838917992e+00 -1.284690979091845042e+00 -3.529579064715804737e+00 3.537571671245337779e+00 -1.032352640724937265e+00 -3.122211688447709577e+00 4.377334369964469118e+00 3.226078070082293969e+00 -8.574281196797638449e-01
-3.925256506902103482e+00 2.834265477813471268e+00 2.582020000517132541e+00 1.394976237959705045e+00 1.067722542389713425e+00 -2.357540542380085480e-01 -1.172578286056494390e+00 -8.761008048462277653e-01 -1.344997899805154162e+00 2.926101148839708732e-01 5.435467077869630792e+00 -3.919328068770729367e-01 1.261265395198380546e+00 -5.372365037783307651e-01 -1.681317617763094796e-01
1.287330412537348034e-01 1.232239252367387294e+00 -7.904059482035848960e-01 -1.912592877974386152e+00 -2.240179316181940550e+00 1.798397941292811719e+00 -2.419368653222973453e+00 1.532744851102211259e+00 -4.327242639806960334e+00 -4.118770088071006974e+00 1.961615221544269927e+00 4.213747860524608591e+00 -5.216486158109319149e+00 -4.718208461910622931e-01 -4.862411304592911598e+00
5.970036484104825014e+00 1.637172396398702379e+00 -6.223861425566965533e-01 1.322150013054746998e+00 2.832462789830648475e+00 -1.933244908330213674e+00 2.547786708894129726e-01 -2.346167601623972754e+00 2.984738239866579601e+00 3.933763400069612892e+00 -3.679177281136368993e+00 4.879105954687241287e+00 -2.967355202641949741e-02 -2.242298883637560414e-01 -8.231228396767955591e-01
2.755127688453907098e+00 3.490568052105083474e+00 -2.959739786631642833e+00 2.998393610743990134e+00 2.094311786126415442e-01 -1.815628150124283247e+00 -5.310683380259609843e-01 1.015803153823874316e-01 -2.167336064377696214e+00 3.069802383860436912e+00 1.289957081982724407e+00 1.010005850572712083e+00 1.861101845651212727e+00 1.719032770837092272e+00 4.663692386037367577e+00
-1.216994514941114547e+00 2.074774043904516585e+00 -1.531265364023124964e-01 4.575534389570581340e-01 3.988868377975046120e-01 6.691115616321489767e+00 3.734911841747214911e+00 -7.277694220236019529e-01 -4.364130048643927395e+00 -4.065847145529471796e+00 -6.445635481699677705e+00 -3.254361864136083859e+00 2.618921166218067587e+00 1.236877667173984507e+00 -5.662637317107109824e-01
2.025627398414721725e+00 2.043468839582897711e+00 -4.943710574325820950e+00 2.385360602906557048e+00 -1.027573663646034641e+00 1.600651767122355684e+00 1.135592873678618053e+00 -7.740005566276113580e-01 3.807867646053574084e+00 2.239631190495439572e+00 -3.164215901509564777e+00 1.982338445207718181e+00 8.737224281386479774e+00 1.880356064828645757e-01 -8.249360801872880344e-01
2.299063326259786155e+00 4.065877671335234922e+00 1.426831685760068469e+00 -2.084823679284544262e+00 9.955933607406779462e-01 -3.257444397190935703e+00 -2.299900528120868703e-01 2.002674054876488086e+00 4.491946047260216623e+00 -8.466070057040134822e-01 -6.398463435985533021e-01 -1.418702751907695792e+00 -1.937218962505464326e+00 3.025793466454713698e+00 4.565009437263222836e+00
-1.103399621929936236e+00 -4.824153336520967672e-01 2.809765748361818360e+00 1.166112310098596838e+00 2.579250839015194696e+00 1.532124311821818852e+00 -4.794880717320142982e-01 8.136151818314821815e-01 2.900386999049662684e+00 4.878632895498086874e+00 4.641792227174158098e-02 -1.605802796062125060e+00 -9.992225870130312382e-01 3.578776589664482977e+00 4.872522153212675455e+00
3.163658087103927041e+00 1.320751386535277794e+00 8.492761779151763335e+00 1.737675778367963886e-01 -5.934940864374365965e+00 -6.585815497306851674e-01 7.434749264235087640e-01 1.520015566222696846e+00 -4.547889340406650049e+00 -3.796912986408157442e-01 -1.597765762085169960e+00 1.919087859942020691e+00 1.893541348741643038e+00 2.800754198342035650e+00 3.629598783530070705e+00
3.534002415505264949e+00 -2.224152727432895660e-01 -3.640716968725101310e+00 1.552737569728810385e+00 1.806357005274161542e+00 -1.562909452493464746e-01 1.134299678735407824e+00 8.760333721348464442e-01 9.941986850648519836e-01 1.527206697581463102e+00 6.772101595425486842e+00 4.616934373169163108e-01 1.357826947253545136e+00 7.073661566556588731e+00 -6.271220732677963705e-02
-1.613133852018793002e+00 1.998514323015406768e+00 -3.193394262000768258e+00 2.199736695492213734e+00 1.345501533775949721e+00 3.581313283481498466e+00 -1.405364374582760201e+00 5.567573370141606359e-01 -3.601058688480672121e+00 2.040441444763756440e+00 -4.852455116308171057e+00 8.572840530713680875e-04 2.989687593713097336e+00 5.575923878785844778e-02 3.810072043301881095e+00
6.527526419851072070e+00 -1.227562733669460782e+00 -1.464399661552187260e+00 -3.705547653901377606e-04 -2.447778753840075705e+00 -1.086982768849954262e+00 -3.327239240123915476e+00 -4.293420024811479330e+00 -6.001213456065533913e-01 3.801308869441606397e-01 -4.910644477174719857e-01 1.746436746631386816e+00 4.939285307304245864e-01 -1.188690538336543367e+00 -3.366782535099709595e+00
-2.033218227932592992e+00 1.877221991538818191e+00 2.499616368171395653e+00 -3.071637812163895975e-01 2.925136041350786975e+00 1.235177308158769094e+01 1.121029957913270314e+00 1.772792689576274450e+00 1.075542268882388131e+00 2.297562489028103450e+00 9.828646774698240884e-01 2.859320769243228977e+00 -1.897261418503604080e+00 1.999506828125235502e+00 2.742312790766217034e+00
-2.753801773653372642e+00 9.609767422523335378e-01 1.102446610424638207e+00 1.600565038883069446e+00 3.205491446658421673e+00 8.175715122855951172e-03 -1.279146444019098494e+00 -3.568253247522923943e-01 1.072970358040953753e+00 9.118418084538458812e-01 1.915993313974879930e+00 2.665074144857711769e+00 5.195587646728391462e+00 -1.992309676734856705e+00 -2.474926500148050490e+00
4.039811581256347317e+00 2.287337620968587781e-01 -8.586772936452818916e-01 5.643126983978966615e-01 2.066229679022594024e+00 -3.479858231989102713e+00 1.965754885402023922e+00 2.756640338320590633e+00 2.762935115073661851e+00 -1.440376839781734919e+00 -4.398546535774825017e+00 3.627743377716767803e-01 -2.272353963493102036e+00 1.699344914337166168e+00 1.021776794107725372e+01
-1.270445824012228497e+00 1.542338330654668299e+00 2.227506724948211669e+00 3.775330613244486155e+00 2.426470483113675414e+00 7.246988781970791216e+00 1.300668792814360986e+00 6.814759646378425462e-01 -9.848114201947953672e-02 -4.772376499992854182e-01 3.376260067154576383e+00 -9.662820817409513430e-02 -1.795048294268110523e+00 -2.964721535553755949e+00 -1.207356303560289668e+00
