3.473836520281539997e+00 4.719995512706804952e+00 6.418276047446463295e+00 2.630972670718246142e+00 3.743197669485278656e+00 1.850217510928620968e+00 4.432151352380712339e+00 3.692253894996257113e+00 4.952277581632801851e-01 2.675841181984095485e-01 -1.007580632634077267e+00 4.448343127870452718e-01 1.620401545811822164e+00 2.788021018619889713e+00 -1.529410430856658509e+00
4.736473248086313426e+00 7.403477797557632911e+00 4.626253144644968174e+00 3.610451975482972919e+00 5.475760286348986483e+00 -1.995928119751463337e-01 -2.322631274451760319e+00 -1.999518556493593113e+00 2.557595661132225029e+00 1.267721468151447262e+00 3.710553754897649270e+00 3.544013476136701701e+00 3.456267735323045542e+00 -7.082847744467114792e-02 -4.603009187536872382e+00
6.160646323912450928e-01 1.707757239546579875e+00 1.869924952676652818e+00 1.019608635618913128e+00 2.225457576348472077e+00 5.709847200784649246e+00 -1.710955506632420242e+00 1.165492662805965418e+00 1.349723245503224200e+00 2.902609171420887257e+00 2.846914685001540768e+00 1.803346684555282797e+00 -2.756926588438240344e+00 3.187022128836488832e+00 -1.954776407036450836e+00
6.239129486496564958e+00 -1.307996245724690754e+00 2.264757538433702866e+00 1.277230809427970071e+00 -1.603701901158636423e+00 -5.116595788684897173e+00 5.105736674896586003e-01 3.899157229944331671e-01 -1.657806018445584062e+00 3.688182073176156983e+00 2.474451171901275615e+00 1.189263203665895385e-01 5.134453880100497081e+00 -3.026006646476417483e+00 1.584477991294206189e+00
1.171277457987831561e+00 3.091911266615397835e+00 7.272067441116985442e+00 4.019985898973767569e+00 5.433830612200893917e+00 6.229712869987566570e+00 7.264989818032118407e+00 7.869655583216411010e+00 2.229269385405118431e+00 8.376739277837698339e+00 4.220396046187189221e+00 8.025722903263735830e+00 1.031448518703409789e+01 8.891112563613587483e+00 5.929253640261149094e+00
6.524398358691978483e-01 5.417569282112255635e+00 6.063030243442361744e+00 7.824308916538428527e+00 4.373657379918609145e+00 9.234742182118857556e+00 4.449444887660945369e+00 6.182842392154809907e+00 7.906135407173122687e+00 1.052245136449184848e+01 9.525285747037750994e+00 8.588736590371075508e+00 7.299213052916847744e+00 1.082128269957617839e+01 9.525590474817924758e+00
3.141774814034899777e+00 1.271891870139971070e+00 5.561117536774879078e+00 4.979508528106017629e+00 5.844551272897564154e+00 8.526573563521062660e-01 8.139010377102350091e+00 1.235266552526021044e+01 5.613840138987415962e+00 1.080250716351367934e+01 6.100057272590827750e+00 9.113083944818283655e+00 1.633685355331434153e+01 1.292553909186224281e+01 1.597591052090301167e+00
5.233265379634822523e+00 -3.338383336846984517e-01 4.004965970245230267e+00 3.210168740484898198e+00 3.840329710799360807e+00 5.511744872569233067e+00 4.690919382949648941e+00 3.495149552969025297e+00 2.703961430766390617e+00 1.903402134140372848e+00 7.384486984692147260e+00 5.566508310606199217e+00 1.047654745718998548e+01 5.519750803320505383e+00 5.093189730979621466e+00
2.171121486085124896e+00 -4.007877466894496976e+00 1.253417633126968189e+00 5.177578916922040086e+00 1.831716275365140145e+00 5.901046532923932553e+00 -8.184510076837149262e-01 5.708053367236551878e-01 2.181290675899585363e+00 3.776720997205080366e+00 1.193699504783137133e+00 3.955163297087085805e+00 -1.469890785326164948e-02 7.639793710094694212e+00 4.020202890143584895e+00
-1.601497290139806795e+00 4.011906365118571571e+00 4.356171647783596557e-01 3.171329235446314510e+00 2.455089716164552627e+00 -1.051697914206123574e+00 -8.149981633093861255e-01 2.014899657455081261e+00 3.757655080190973607e+00 -1.915865491971411094e+00 2.631550822353092567e+00 -9.433475371222576067e-01 4.666025876618701496e+00 3.239373640517429820e+00 1.242015914697436552e+00
3.184837553291665735e+00 4.305610046817441194e+00 4.960787836078492496e+00 2.773309481377352448e+00 4.351769926612546691e+00 5.167221830942020588e+00 1.219367547482127057e+00 2.226148691800392765e+00 3.632967452941586184e-01 1.623167762929607738e+00 3.020419352828584092e+00 4.915342023211807243e-01 -1.522501516248950137e+00 1.050998379744311872e+00 8.641144517473692277e-01
5.746706434970221267e-01 -1.861863540551803142e+00 1.366548844035798460e+00 5.119968561997667145e+00 2.729043722936841387e+00 -3.344069252452397389e-01 3.388202703048697195e+00 8.222999161946076274e-01 3.384175615029115569e+00 3.937568053914184851e+00 -3.727147318012879129e+00 -2.667581005117055426e+00 -1.263588518272711347e+00 -2.751453880017149078e+00 -3.709820232129394935e-01
4.010143706009118958e+00 -1.556005018888020119e+00 4.596536438767471644e+00 7.601807433092667710e-01 3.631827562446883650e+00 -1.638858211487696170e+00 3.628699230598421810e+00 4.650667623880235801e+00 2.644414790026096362e+00 -8.697150299058831191e-01 7.325998829779869492e-01 2.258004224554732264e+00 -2.409104956508123951e+00 1.866089004542648366e+00 -2.120437475302068719e+00
2.883998181060764665e+00 2.554511161616741521e+00 2.580822112716425476e+00 -3.772140857560165594e-01 1.056220159519194457e+00 -6.966667366476992918e-01 3.353755534418014328e+00 5.622563780964502378e+00 3.461774698912765125e+00 -6.437256212926216470e-02 -3.757449809309794109e+00 2.941559495997785767e+00 -1.883570480289172844e+00 2.728074237620454312e+00 -6.646003908752982081e-01
6.346788546287903010e+00 2.913972004272372018e+00 1.018819742796498007e+00 6.196570177901872256e-01 5.415153433392132953e+00 5.520390001726216411e+00 -1.636601166524453144e-01 9.689017978209567561e-01 -1.599145828986296758e+00 1.263225220635179724e+00 1.206264617598801214e+00 3.247578298633247762e+00 7.546624611126512283e-01 2.273774410373283317e+00 6.167530715352900650e+00
-3.994282016050473949e+00 4.711044567140631578e+00 2.529995592182778363e+00 1.402687342517459745e+00 -1.327478158725784008e+00 -1.783542767403710483e-01 1.985355165769463692e+00 1.720646514839258012e+00 1.601897416598503598e+00 7.820639359005765456e-01 -1.105792902250787080e+00 2.764956238693865864e-01 -1.588855677297818403e+00 4.114249016012573534e+00 -1.646014729525875353e+00
3.916851878728084824e-01 2.022748372576664178e+00 2.729404461771379964e+00 -4.448776053681984810e-01 -1.499495594024729872e+00 2.941305468483709440e+00 2.459403880738892934e+00 1.762342000761801364e+00 7.651284580499813359e-02 2.034895340276587472e+00 -1.571079153196747180e+00 8.645634724738605892e-02 2.751297444082434485e+00 3.187910373908471762e+00 -1.437943617126894003e+00
1.162480648711254005e+00 3.045392553225600540e+00 -3.966018202010749283e-01 2.367213239322252250e+00 -1.374215949106439183e+00 7.943615323740476519e+00 1.825739045142595662e+00 1.896971142025204893e+00 6.600691327594927493e-01 1.754610493941496596e+00 2.988399523426175652e-01 2.458636539717489633e+00 -2.071280292358900876e+00 8.966759073363824717e-01 3.614597936090935271e+00
4.042200843268270560e+00 3.424984277034392566e+00 2.053620924784233193e+00 2.168978720380060565e+00 2.585809875396385404e+00 7.289765523951414750e+00 9.233874986417293096e-01 5.309553707479041762e+00 2.564154650391329060e+00 1.772903717610156082e+00 1.888307851002172022e+00 5.055102485258147205e+00 2.229813347605322349e+00 3.131659923606819440e+00 2.532170435643062989e-01
1.848379326304382619e+00 3.554907719152442525e+00 4.285834369317582215e+00 3.283176433490206048e+00 -5.692632943308492122e-01 3.651755558213400921e+00 -5.020453394398352032e-01 3.452322525953908983e+00 3.566016620327429720e+00 4.105271111428708153e+00 -2.790836108881472377e+00 1.868358266851484650e+00 7.557810231807227552e+00 6.828573871542144680e+00 1.004523808262677509e+00
4.361113935724011625e+00 1.522326473176015771e+00 4.589294259287321154e+00 1.952174090403803186e+00 9.693279757865821411e-01 2.898688661922983911e+00 2.474140408902813171e+00 1.102591554681205288e+00 1.916397925531848179e+00 3.950128707304617848e+00 2.055767491095378929e+00 8.688906028127513226e-01 5.425933165940969083e+00 4.174902905844623646e+00 2.199913357748430442e+00
5.002301898499504240e+00 1.005494110653255113e+01 1.087237465045312845e+01 7.231592928124416453e+00 1.095789487709622101e+01 6.293046846984402087e+00 2.740010602263766248e+00 -9.556221327279072753e-02 3.408134960142481962e+00 4.805848093144880373e+00 3.014678591224896564e+00 3.771689633658015239e+00 5.474607696404288681e+00 4.975200090657872387e+00 5.400146905396911556e+00
6.888478932404694888e+00 8.752144763431642938e-01 3.545908317272761678e+00 3.518863046114715676e+00 4.907235273860416136e+00 1.298699562130706253e+00 1.110649672317301356e-01 5.156824082531414888e+00 8.102873864987701624e-02 2.925710124412518987e+00 6.506906649798928077e-01 2.558816537852536488e+00 -3.920108014568526311e-01 -5.826363696144992721e-01 5.223760826202001439e+00
4.342006639366779552e+00 3.688692069486036118e+00 3.087333522012460474e+00 1.019171731317634944e+00 2.173077580512407625e+00 4.829276484068836695e+00 2.435338250467599330e+00 3.270691321203595958e+00 2.035145304593309667e+00 6.088307439431618562e+00 4.303344448996156757e+00 4.654687347369055317e+00 -2.134532671609463694e+00 -8.540313413693628730e-01 4.156345488539318289e+00
-1.079140936855560451e-01 1.361099193222092607e+00 -6.846459474231588738e-01 9.667083987365707731e-01 2.249089126536470307e+00 3.493357954441787427e+00 3.318593927749030836e+00 2.637992848107281851e+00 5.653747178537792628e+00 8.562139666959033280e-01 1.023046939456362825e+00 5.292479231753466351e+00 5.729444569841868340e-01 3.604801229263030482e+00 3.844015480317763522e+00
2.476511932710259156e+00 -4.737283088330583869e-01 -3.453130165451056555e-01 -5.776265410126991962e-02 2.044632733448568995e+00 7.342661606701662791e+00 -4.451575503205250861e+00 2.097477597725939003e+00 4.326546564204251100e-01 3.407685054561123916e+00 9.092456848645383838e-01 1.504123038213016628e-01 4.248221482565844198e+00 6.059543092783110652e+00 5.246379554551722890e+00
6.235130311457376173e+00 7.626985974078838382e+00 2.951003983430708022e+00 4.385839717845750663e+00 3.467315762694201720e+00 6.351556919107487209e-01 2.756872935214893516e+00 5.998659538864825613e+00 3.103411966260315680e+00 3.684101673173244329e+00 1.474225183023724517e+00 3.818423204788881975e+00 2.337248906692113160e+00 -9.974914691460134986e-02 -4.322122223210143610e-01
3.176619056075952852e+00 5.888311862289114629e+00 -2.832337150678114757e-01 1.594844586387111685e+00 3.761881736593647441e-01 4.061797444357215348e+00 -3.301108816586338257e+00 -1.947950690525815653e-01 -5.016792150468251110e-01 2.352067821545661630e+00 5.920945529345751357e-01 -2.171690826988816436e+00 4.452328669616055556e+00 4.509988830520057057e+00 4.682910721678026356e+00
1.876663007203114075e+00 5.952505531957479334e-01 1.689696743721675221e+00 5.172157543956831915e+00 1.686623071460993106e+00 -3.272189040954480266e+00 -2.563427484409481316e+00 1.026654794295892126e+00 2.753537753471983596e+00 9.021944425534441647e-01 3.353231981735186551e+00 2.424908535013523991e+00 2.063309238688489644e-01 3.776054085617264189e+00 -2.310817652460261051e+00
9.920491902865343548e+00 5.048119817947939403e+00 5.158547616505109623e+00 1.829972446933722408e+00 6.446408611057152349e+00 2.580780723275492683e+00 -1.401103612268560061e+00 3.530646734597656433e+00 1.560698502201427473e+00 1.817627468629500420e+00 1.396947364116734924e+00 2.128779906870950089e+00 -1.354577751852364065e+00 2.163075884919897440e+00 -7.780189345063509565e-01
5.030019065066440476e+00 4.827021214817223793e+00 3.578592205477040711e+00 2.848206682076873886e+00 4.369954802023553242e+00 2.389557702343438450e+00 3.228126914179412665e+00 4.064304439288163096e+00 -3.387675076577603139e+00 3.484498893268094921e+00 5.006654440360232883e+00 4.522888185647486736e-01 1.078969584383443259e+00 2.571283336216095616e+00 6.286525163209103484e-01
1.330073901993770136e+01 1.233401258459929650e+01 1.194537994603234310e+01 7.433703025724486046e+00 9.893705766768542631e+00 9.205029552246566382e+00 3.377964424851481962e+00 5.552463265666959913e+00 1.841993594744399720e+00 1.434393958787613110e+00 4.350441872556720213e+00 5.037545977848321144e+00 4.884822724431963969e+00 1.691536524823301857e+00 -3.881326702516827876e+00
9.359355934412732836e+00 4.379289362611601177e+00 8.427359347030289882e+00 9.621155411285641890e+00 6.496985236758930249e+00 7.128664919451152215e+00 5.871144771114311212e+00 5.025425693500468860e+00 5.117995537428578601e+00 4.504193820333786569e+00 5.736378763426301930e+00 6.894398546388082138e+00 8.083739586327478577e+00 1.118853212196849078e+00 3.142607411320745281e-01
6.863023880483665629e+00 8.234779824931704795e+00 9.274613472751010335e+00 7.361588912011434616e+00 1.098026214919908661e+01 1.340112246504867777e+01 8.597555628283469531e+00 6.858760382468846117e+00 4.263565426627686783e+00 4.804442079782639929e+00 1.254100788910869824e+01 1.475673536900776295e+00 2.766725162878855393e+00 7.146602629537990303e+00 3.231971835620051969e+00
1.110545700084125897e+01 1.220051568111742846e+01 1.639850692863113224e+01 1.981243678963024379e+01 2.268262591285393981e+01 2.033809560447704357e+01 1.994306980718872424e+01 1.522248839461236969e+01 1.433317103533436487e+01 1.154607540508320085e+01 1.097866893460539472e+01 8.464283790987227718e+00 4.697313399545287815e+00 4.276281084995416926e+00 5.118030159714366256e+00
7.052782111519198871e+00 6.434799555714089792e+00 9.151931219300227127e+00 1.311827889210128362e+01 1.636637117679697440e+01 2.147664482083664694e+01 2.094415684252048138e+01 1.846115714953734255e+01 2.733787591503777747e+01 2.230798546448604824e+01 1.927584369575414769e+01 1.711160369247724589e+01 1.331824057584200105e+01 1.441405337260987451e+01 1.400566409196419215e+01
3.351100598766138194e+00 3.695939650618400130e+00 3.140105144110818980e+00 7.622593794996562089e+00 6.527064907658421511e+00 9.734185651923123572e+00 9.027297871845114230e+00 8.883969761595039927e+00 1.052192617160901555e+01 1.223607641890519560e+01 8.080215248276054751e+00 9.400584869895968865e+00 7.362520050227070456e+00 1.387603299443903460e+01 8.770409078556241411e+00
5.318642625384748079e+00 4.676272843441170224e+00 7.289671089470751042e+00 5.763573512857587566e+00 1.282492989494533298e+01 1.680930969360165861e+01 1.550222815536160326e+01 1.905107275905254838e+01 1.483452758044665032e+01 1.761885384969347257e+01 1.548715808698991836e+01 2.048832573995053963e+01 2.523143589334716452e+01 2.435900222806132120e+01 1.789206727349136017e+01
1.856899173560675687e+00 9.171310246763445306e+00 6.226304945595741991e+00 7.020188060554335863e+00 6.897559004921674841e+00 5.571790122025980452e+00 6.566608085417704466e+00 6.874015424622466952e+00 9.391340328383753544e+00 1.142732544231223457e+01 8.494370763992272089e+00 8.627942113734469842e+00 8.461071088940267160e+00 7.168972738762819930e+00 6.528767520590437634e+00
7.765657496317175834e+00 7.153464354361791067e+00 7.971233349892790088e+00 2.478440816172084560e+00 8.096094060953920035e+00 1.251246793386873790e+01 8.412064336116658936e+00 8.030545671793298368e+00 1.188934576006710486e+01 6.006266474522872656e+00 1.227283942681837381e+01 7.001706631039457562e+00 5.286777850102605925e+00 7.404610902612201784e+00 1.218030679653090687e+01
1.360123889795225693e+01 1.135636990496373855e+01 1.315778157733153542e+01 9.678076730740503564e+00 1.729157376917015654e+01 1.846649074254449729e+01 2.880731787159451329e+01 3.881374245382100696e+01 3.998479837084415323e+01 5.219653262216710488e+01 5.418909659758989505e+01 6.081871205753847676e+01 6.629395304151327650e+01 4.832677002520849641e+01 3.911054701245526388e+01
7.462068667068592065e-01 4.488658406445198423e+00 1.465789749676655207e+00 6.068798729921327073e+00 4.755737307434263705e+00 5.170239960529393608e-01 2.590852221810559186e+00 6.345865428997341517e+00 1.318683831995616451e+01 2.038173636370987296e+01 2.008760102985133500e+01 2.307701879609365747e+01 1.992814764350718804e+01 2.549204519145736114e+01 2.875771177502271314e+01
3.290040751352652837e+00 -8.891441346203341964e-03 4.940344874899657235e+00 3.859670588282063441e+00 3.202974173990853490e+00 7.973111852512660747e+00 -4.674891523464462795e-01 2.406265492658407265e-02 5.384727125877597054e+00 5.665419578989023819e+00 1.032835688706941468e+01 9.767564034592947309e+00 1.208276589863074513e+01 1.588426127995034065e+01 2.486253723342365873e+01
4.167305494824013579e+00 3.440655570963939702e+00 8.745505167157934245e-01 4.637378029132550594e+00 9.332285358228388228e-01 8.160692600546971320e+00 8.465506636335424773e+00 3.756663683950077992e+00 5.460448781898798565e+00 1.267149443988905722e+00 1.206429519429070840e+00 1.867168717125819111e+00 6.887495560244717652e+00 6.946049242188318651e+00 4.693577499612753279e+00
5.640101145724378817e+00 5.413533920793216048e+00 5.944718830246897845e+00 8.359725188291843523e+00 9.788085673430968470e+00 1.051609176684174329e+01 9.172692973161387542e+00 6.406713803351099301e+00 7.764619147116364140e+00 8.884508780083953283e+00 5.100723612849652255e+00 8.382038970327050365e+00 7.815088708732622180e+00 2.044281105993410286e+00 4.521927675583817141e+00
2.764043343535532937e+00 1.606585355668134651e+00 3.418305772889982386e+00 8.093740405636562940e+00 7.448497817355862693e+00 1.058745377284700950e+01 9.280304458282067515e+00 1.087250232171477471e+01 1.392957816771734336e+01 8.593767707578450654e+00 1.079380770057588279e+01 9.239037186882889330e+00 5.579270488442738873e+00 5.790889788525499959e+00 1.350571518593040032e+01
1.525150042714993326e+00 3.396730396829207077e+00 1.441779089594556362e+00 4.146348156617689185e+00 -2.190342425551882410e+00 2.800917607118375230e+00 1.602956103732151139e+00 2.938097498118755535e+00 3.136438198800568955e+00 4.713074929506678501e+00 6.870282755929822294e+00 6.206523330684946771e+00 9.796575784291810862e+00 7.655540099713169511e+00 1.099540132928928315e+01
3.008271859618934840e+00 6.500146490307662006e+00 6.580376572509330835e+00 5.613592338792505743e+00 3.602736612090950086e+00 2.806328225945140975e+00 -1.603300032092640492e+00 4.260409942934366256e+00 2.613019814065815183e+00 3.076112408806261911e+00 3.495189795255183363e+00 -2.065407103458620330e+00 -1.352064458030391103e+00 1.731700481166180028e+00 2.020125373138740521e+00
1.491103280688543364e+00 5.110656660384634620e+00 4.757506019100779859e+00 4.631371602586924041e+00 5.691582584153967339e+00 1.408524454232169321e+00 4.901896911092181952e+00 4.892884869379004797e+00 3.182064000928039871e+00 5.991738178219538469e+00 1.982817481821457672e+00 1.586219752509593350e+00 5.377206334732961279e-01 4.062064892399737559e+00 -6.961620703965675228e-01
2.134181007045296230e+00 5.557872577254942215e+00 1.221040982268001729e+00 4.790076825722173304e+00 5.102615433768482589e+00 4.641998721217211354e+00 4.333084260765825313e+00 2.777808580100434632e+00 3.801129799596077330e+00 3.292181058332191324e+00 4.454992475364385029e+00 1.989861997408928884e+00 8.211080899209873829e-01 2.488060901786047996e+00 1.548156347903506758e+00
4.090652568004115253e+00 2.436641006642671581e+00 5.454612449826264253e+00 6.614387371968647455e-01 2.995791320047784811e+00 2.554097268144557731e+00 1.876993415719411473e+00 3.702571279651114544e-01 3.999034046421350297e-01 -1.119788225002243287e+00 4.648527464369902606e-01 3.587460760572922069e+00 5.409707588575459525e+00 -4.029873163216966120e-02 2.850070399800761933e+00
3.361321733979556914e+00 4.179805391747623666e+00 1.053042030114612837e+00 1.469068963093175695e+00 -1.021238197666703096e+00 4.628761725129827198e+00 5.164873848131159573e-01 -8.438764524153304913e-01 2.078687772458895022e+00 5.173846834743643264e+00 -3.084761105350460886e-01 1.415135063354772793e+00 1.960852136836588544e+00 -7.597190461357451463e-01 -6.095609831015410540e-01
7.604732476938897978e-01 1.196417327109269735e+00 4.796867939944630677e-01 2.860043214358355623e+00 -2.125421131237982930e+00 1.907588577691818610e-01 -8.734399656032573178e-01 2.043658459741437117e+00 1.069359822447963210e-01 8.340507956712308602e-01 -8.813764586385497424e-01 -2.474673179343711560e+00 2.165960685588920853e+00 -4.904929358343638746e-01 3.342785920371425856e+00
7.285878361864897457e+00 5.790185267460953966e+00 3.743853280560225372e+00 1.743520196574514847e+00 5.891800525812318501e-01 -4.592512061200219042e-01 3.657065414452041807e+00 1.843254993162179112e+00 -1.213819962378017481e+00 2.576054027922086043e+00 3.024986628174825221e+00 7.156645202692838437e-01 2.347155544085475221e+00 2.921862271772894371e+00 -7.461285804066651872e-01
3.711268283137083568e-01 1.420958948031899372e+00 -1.113489501750704713e+00 3.493918588435864336e+00 -8.728138571770520659e-01 4.562247090996110366e+00 4.162364581056742452e+00 3.535552518992566728e+00 1.404555766421939689e+00 2.564625645854135438e+00 2.307856705054175173e+00 2.198546166283550374e+00 5.261552669516909031e-01 1.830847403457522629e-02 1.137924913301437552e-01
1.158992721699495965e+00 2.087273633597657163e+00 -1.625035908349638236e-01 2.656856119119114457e+00 -3.718873027639704731e-01 -1.209137165651463786e+00 -3.233974871126046757e+00 1.875425429844395087e+00 1.173891939946811291e+00 1.419524636128708828e+00 3.390771739969875131e+00 2.821851222317155017e+00 4.625052012346850816e+00 -5.939151671451157632e+00 6.618005590768405888e+00
-6.321533189572633993e-02 1.578946869949408915e+00 -3.399696529698332248e-01 3.331535141299658553e-01 -2.412101273040649918e+00 2.925885978288453870e+00 1.206701070678785070e+00 3.507997471375127407e+00 1.472848043308347732e+00 2.066192560446692639e+00 4.677282587817989779e+00 5.748093885848425622e+00 4.697736551414583239e+00 4.461914290830212515e+00 9.949767420498398796e-01
5.219655957714699035e+00 -8.155013970258317979e-01 4.275370571823595145e-01 -8.147916125364634832e-01 7.552032489660512882e-01 2.980142091747741251e+00 -9.762682677410812193e-01 -8.388881008592263822e-01 1.578592985603261889e+00 -9.176239407802244674e-01 4.264044537744095642e+00 1.559921763400086148e+00 3.282907015720018862e+00 4.741475894568322857e+00 -2.133624802150902777e+00
6.037795614947317979e+00 1.931092368224160971e+00 4.759062286672776310e+00 2.275742704661420035e+00 3.536576028781227565e-01 4.659560223178029620e-02 3.730931893396960852e+00 2.516601671276582852e+00 1.473812514107594618e+00 2.789739726220553662e-01 -1.277086201173115443e+00 4.475692588927104865e+00 4.360306257674656294e+00 2.830360422803083864e+00 6.493810116993914860e+00
-7.910668028037274313e-01 -6.092873520753970817e-01 -5.046501107439770317e-01 1.390001157036336643e+00 -2.316740995590339303e+00 4.867584421279079088e+00 -2.196865032764325765e-01 5.647331382210405565e-02 -1.548635518755183016e+00 1.138328773824795748e-01 7.720511100554046990e+00 4.359433380561904769e+00 3.692411089170299476e+00 5.114893011639042086e+00 9.105472030854977472e-01
-1.073321599666276160e+00 2.740930611387002586e-02 5.534369760592385834e-01 -1.544245697059066336e+00 -1.130219118988122551e+00 -7.289671863577673605e-01 5.598560252751839883e+00 1.675515138092517731e+00 2.564797633393951504e+00 1.186429732072700416e+00 1.882035382564410941e+00 4.175126216213404184e+00 3.971639510499013426e+00 2.901415867925126069e+00 4.290032649465990389e+00
7.408024808497326141e+00 2.964152212062032277e+00 2.380434328883259010e+00 1.713228155881632908e+00 3.952061529778517102e+00 -1.670989945858855519e+00 2.995109040004909851e+00 1.417136755335185017e+00 2.101464567409044193e+00 7.085234964046765782e+00 -2.357829428666513016e-01 3.161029123681154296e+00 -1.314909118732638271e+00 8.740691354036567162e-02 2.716613329042226521e+00
-2.871480218287100872e+00 -1.952137499367588402e+00 -6.134209737619082947e-01 -4.320559168712659881e-01 4.715170126640835235e-01 7.853518855698480294e+00 3.225959299269757441e+00 1.833997614177813817e+00 2.726801341132230605e-01 -1.441994300396114426e+00 4.404266944169667575e+00 8.026728745340223625e-01 6.348182383490635905e-01 2.231655162418715310e+00 1.730665857274594321e+00
2.641277647148124075e+00 1.085267036469839130e+00 5.762021944703416665e+00 2.136787242164238931e-01 2.665594806901793845e+00 -2.106477377362903969e+00 2.173333152731443452e+00 3.906152151078918222e-01 -8.328135991360864354e-01 2.822823533396241036e+00 -1.887241102179053165e+00 6.767718087685058448e-01 -2.590179057573190669e+00 1.134330210724384891e+00 7.871529599840330960e+00
4.227880827393514451e+00 1.348235181518411707e+00 1.554682755285887508e+00 3.203251962608343995e+00 2.321250186027017826e+00 -1.399687273955533717e+00 1.051684106751318737e+00 1.190311960182020679e+00 -1.540735477680210241e+00 -2.142097532931418691e+00 2.039458817208273267e+00 5.797897279841348617e-01 -4.367127174179550764e+00 1.517344331228723364e+00 6.243423579978514937e+00
3.641600430956166701e+00 1.056043226253663203e+00 2.119935333196024896e+00 3.260350910951396397e+00 1.242501704577514188e+00 -3.477816233418427050e-01 5.282684340590209082e-01 2.501613955741125661e+00 1.656416114900678638e+00 -2.757353082808550737e-01 -4.089885169885710270e-01 -3.522824784910724816e+00 4.514606631974612760e+00 -8.894653402120646923e-01 8.575548988415059304e-01
5.461456742235069939e+00 1.480317479811214421e+00 6.714122195021947626e-01 5.275048156642061947e+00 -9.723658063280469221e-01 3.111178167994875121e+00 9.694124949072867592e-01 9.227492566923660711e-01 2.342738890322553225e+00 -2.716782107803901170e+00 8.066179318990135405e-01 5.185137850897951761e-01 -1.266937970407918224e+00 1.891419956886653542e-01 -7.004248310005357636e-01
-5.877343544989269697e-01 1.350923696443897093e+00 2.533556531514140175e+00 3.984791415168398743e+00 2.582893953729493042e+00 -3.221185925273716943e+00 3.034685580237258762e+00 1.186236587994853986e+00 2.826360241305382104e+00 1.210945328198510251e-01 1.457332309714031160e+00 2.378313830794222539e-01 -2.286696815712186748e+00 9.861899335522070764e-01 2.392084792676567151e+00
-1.546750842328397546e+00 -1.836070927507793549e+00 -1.702680610009819906e-01 7.523593895794332687e-01 2.540113947927229998e-01 2.725309066149094850e+00 2.421055447409939720e+00 2.078739330633089466e+00 1.492030115183140992e+00 4.488383471615859932e+00 1.163939401840474286e+00 2.748723684443250992e+00 5.074165280155895630e+00 3.294129772510095311e+00 -5.751752472706134434e+00
4.169723448563420476e+00 6.526843422261339178e-01 2.955540219953082914e+00 2.535910146014749067e+00 7.540832616532820373e-03 2.849277292143289397e+00 1.156858875333223180e+00 -2.934636033487061368e-01 4.903590011062885168e+00 -5.054808592701507397e-01 -1.712657725981555190e+00 -4.880746442929883577e-01 2.504516794663710910e-01 5.937010847930116464e-01 3.759707400073069916e+00
-1.995781589910144982e+00 1.740962426465538559e+00 8.802438073807715702e-01 -1.417539155321631217e+00 -7.207792702445410260e-01 -1.727499799727852503e+00 2.226447987140530993e-01 2.315154289687942901e-01 2.001525947938209704e+00 -1.303497482521690953e+00 -1.430092139345357838e+00 3.116285183991133856e+00 3.705483456250121765e+00 3.310967048862030637e+00 -1.273859196919267245e-01
-2.071850513282449846e+00 -3.297447871751081561e+00 2.485126079636894580e+00 3.486688914709988318e-01 2.158541754860542561e+00 -2.450297117401752378e-01 -1.234907022337607962e+00 1.247736300120362574e-01 -1.152450858599822076e-01 5.408870688266941507e+00 -2.244202322248280090e+00 1.034614102836825422e+00 -1.245795249746332489e+00 -3.879562647565625855e-01 3.940262060169985592e+00
2.844284581831784120e+00 2.311218848937187861e-02 1.121001311698649916e+00 1.537015936921128256e+00 1.552769397939775864e+00 -2.468143824002902331e+00 -6.077584764826017283e-01 -1.037823842015958897e+00 -5.038114907305603074e-01 1.214948988240808658e+00 9.659552764217708143e-01 1.013668008121736186e+00 2.010363814017979422e-01 3.189216319826214896e+00 -3.756285837253343196e+00
2.761398727934007535e+00 6.565696869635988253e-02 1.940089623523935991e+00 -2.515295486350416568e-02 -1.260378764679804808e+00 2.982604111930380775e+00 4.052140206401467992e+00 8.322723231664311827e-01 -1.980422167451629523e-01 -1.325741965573844494e+00 -2.983287951398078119e-01 -1.899896232318032174e+00 2.369215422423265327e+00 1.809116360191225681e+00 -2.192504260346310740e+00
1.076220060650039834e+00 1.403474761593416664e+00 1.414800432693486432e+00 -4.260747523287353733e-01 3.794039398890167725e-01 -1.901909867083684702e+00 -1.765457904860022076e+00 3.779995276347534627e+00 -4.028449839976268265e+00 2.062524414869251199e+00 -7.707038782126542087e-02 3.533340695440400303e+00 1.737339912739297221e+00 -6.549931460449092135e-01 7.951714222068882731e-02
-2.380821258966763221e+00 2.377246593774265726e+00 -2.156876453796686910e+00 3.004490255609464366e+00 3.529064681384330271e+00 -2.971606151636730253e+00 3.742038689779719096e+00 4.701833783573529379e-02 -3.134264962016132028e+00 3.821643305347746988e+00 -3.565754661908283385e+00 5.408669283299805119e-01 -3.825256568609121999e+00 2.446687906396131762e+00 -3.944947717893107608e+00
-2.295433351141917822e+00 1.692892778437531609e+00 -9.412853295791303587e-01 -1.093358262220704091e+00 2.356891758168992990e+00 -2.867121741228714438e+00 -7.515880413501333512e-01 2.048733697424721667e-01 2.576813779923766701e-01 1.080932507141320720e+00 1.598270683272722481e+00 1.518953319424615422e+00 4.916693120546002937e+00 2.778426468359806556e+00 2.532444415266239091e+00
-1.080445926285328984e+00 1.043119930900622029e-02 -1.297262321069719837e+00 2.567238080096773345e+00 2.946053731898896216e-02 -3.285232211640322308e+00 -1.494751669784634973e-01 -2.514341308935189367e+00 -3.097928801328563519e+00 -3.956261073689503416e+00 1.730727412157804235e+00 -2.390457985569330646e+00 7.972260528053767281e-01 -3.358043457482088989e+00 -1.585790961029390489e-01
3.780439939754314249e-01 -1.550223151564793511e+00 2.654288218589756720e+00 -7.115959108151522772e-01 3.352974222451033715e+00 2.946715712141629417e+00 -2.238590582104404980e-01 1.217855308052298025e+00 -5.973729257108720825e-01 -2.558903102850160205e-01 -4.058251792188563578e-01 1.631135036125654914e+00 3.549841458709845909e+00 -1.177513723061336837e+00 -6.124685768503604910e-01
-1.384459920052928117e-01 -2.310173562068400521e-01 1.139757402678098913e-01 5.251475689934875790e-01 1.456950561203859351e+00 -6.298255454298317346e+00 1.315058610057820321e+00 6.227000085192780920e-01 1.550090194760830542e+00 1.121114649174663080e+00 -2.705792824714907119e-01 -5.235210764921271576e+00 -2.682607041156364502e+00 1.865433868492045510e+00 1.424048360515809630e+00
-9.881713570133829894e-01 -4.726296235714113059e-01 -7.112863250792564873e-01 3.213926489478631243e+00 5.631664725688434459e-01 2.135979058671884534e+00 -4.254883969568346580e-01 1.882207536369840728e+00 2.324506525817511271e+00 -1.616913735839546340e-01 2.738667607669699411e+00 -2.767999461625099133e+00 2.771003051333302825e-01 1.267252187242432271e+00 3.970086684693517665e+00
