-8.819723409962227159e-03
-1.657334026765753046e-02
-7.104413200666307750e-03
-5.353249249038682933e-03
-7.482546329847988842e-03
-3.091105099997486661e-03
-4.550117805768488614e-03
-8.182477542645987673e-03
-8.047702889326999523e-03
-1.231755309599674893e-02
-9.840752786631623908e-03
-3.598987216996944391e-03
-8.283315326919893362e-03
-7.272282035706924101e-03
1.368783352080033900e-03
4.810449211806092258e-03
6.626132932857300810e-03
2.992376796649267538e-03
7.379051578576119493e-03
4.364219447357965687e-03
5.397776551472280131e-03
1.561504451532370885e-02
1.178579716647672193e-02
1.671100538565424565e-02
3.346692931890926648e-02
3.099580513139897284e-02
2.877782157157485199e-02
2.097376698069292056e-02
8.298455463989244316e-03
4.272311153023257251e-03
1.518363167050940793e-03
1.397420222829147234e-02
1.597340008587704724e-02
3.940673488102532096e-02
1.134751668142340852e-01
1.949035537150839437e-01
2.889466990697187598e-01
3.716440275458913756e-01
4.446296263269743920e-01
5.089788546942722869e-01
5.701856011466033269e-01
6.070700560758856001e-01
6.484190684486498268e-01
6.634077396719103570e-01
6.722231997794002600e-01
6.820512544003189959e-01
6.845591962534208763e-01
6.963689707374270954e-01
7.273583476437988082e-01
7.834508266865077841e-01
8.602185191769634587e-01
9.766019010230110320e-01
1.129681839873079907e+00
1.317533260265735029e+00
1.459404188839997341e+00
1.456736136809146487e+00
1.235428614353205168e+00
8.821103747226590741e-01
5.714630669841272992e-01
3.543034242897409869e-01
2.299706134192652796e-01
1.594031384670538953e-01
1.229841341567115415e-01
9.226569779926624415e-02
6.474402144140620208e-02
3.727241105914123193e-02
2.456185750457342068e-02
1.082021819048966521e-02
4.767700402499751126e-03
-2.153115270165859452e-03
-4.295888100149094189e-03
1.296506026619242405e-03
-6.298738550586536339e-03
-9.131852469087209379e-03
-3.197842445283650015e-03
-5.618190380360488234e-03
2.222600670605371937e-03
-2.240330651346852334e-03
-5.437848685856447491e-03
1.845953343263252245e-03
-1.354757758309032807e-03
-1.292680624630775620e-02
-5.604046222649416813e-03
6.510694592040337791e-03
1.928234174704021933e-02
3.901646456552170655e-02
3.047600542727134723e-02
2.787387966003864945e-02
5.414932011779331755e-03
5.924495536348325236e-03
5.845901104179738322e-03
1.557764793287136872e-02
9.668756346885324857e-03
1.026724487943103149e-02
1.263522552907506147e-02
1.672767011976674170e-02
1.153127934057011743e-02
5.573629268279980779e-03
8.030407495720783689e-03
-3.396943035651178982e-03
2.477322495098501810e-03
6.175095615565631690e-03
2.823050578829020430e-03
-5.550497428241439428e-03
7.903887168803322080e-03
6.489245858188851836e-03
4.147121442942171797e-03
4.075375541977679233e-02
3.658370424485679062e-01
1.499710239235753972e+00
3.126225196137517148e+00
3.775711713843957540e+00
2.706279968558139348e+00
1.409917229572538178e+00
6.409641967665653528e-01
2.783866555296273249e-01
1.299987236171917804e-01
5.789244561889868995e-02
2.487143598739420883e-02
1.436859778298851288e-02
1.247833270399431593e-02
1.813079924418385365e-03
2.437840323675776865e-03
-6.073285624234579273e-03
-3.825725320564592972e-03
-9.707903390548028311e-03
-5.838981495600854658e-03
-1.234325572404738024e-02
