4.959476063981280852e-02 1.992765359937515718e-02 5.054671091946671274e-02 2.008358111229905860e-02 -1.432741127217074945e-02 7.929298086487751585e-02 -3.557429208059094405e-02 -8.845439562778567577e-02 -8.440569650699725202e-02 1.530952922927557129e-02 -3.762972947670149143e-02 1.850272585382320770e-02 -2.230200008365613648e-02 -4.095908106422389144e-02 5.445263056745677788e-02
-6.394043373316441424e-03 -1.893521367077355758e-02 -1.416667673664059324e-01 3.065849191164765966e-02 2.488843215092439998e-02 2.594668154927549236e-02 -1.299112168886182653e-02 1.172792451380598316e-01 2.833278654469464225e-02 8.466608136741932480e-03 -2.049550730890813827e-02 3.253789574308445925e-02 4.690560048676428728e-02 2.627023650652256584e-02 -9.517556395267310135e-03
9.640763788931264178e-02 -5.428559514744458331e-03 2.008552713904888931e-02 6.545288610049037996e-03 -3.166660157898953942e-02 7.511761897671001553e-02 -2.861525366646407425e-03 -7.646318572485567844e-02 9.084622421460103459e-02 -2.638488227521487359e-02 3.116449048572333849e-04 -2.252557809529181707e-02 -6.892245480089662091e-02 -1.050862287492241968e-02 -7.009677655531798730e-03
-3.182456644129483259e-02 8.816810042701359387e-03 -2.798431527152506898e-02 -1.656761494846191451e-02 3.514332792592855109e-02 -4.535877534041470732e-02 3.612042612686837406e-02 2.180036070165744175e-02 2.842892713342854913e-02 -5.015154966182692846e-03 -8.096661571914178998e-03 1.854695040457628522e-02 -1.058159226795367565e-02 2.236580913545553606e-03 -2.325726637272416443e-03
-1.268572491315960067e-02 1.831703128324762425e-02 -4.377137794949040317e-02 -3.485745790648611675e-02 -4.713002703993360992e-02 3.450791310372142845e-02 5.020321850465708086e-02 -1.823554830404212554e-02 -7.109410061130629239e-03 -1.206378375362056159e-02 4.320850494737638048e-02 -3.669501653194108537e-02 1.889846571877070933e-02 6.675280423883618586e-02 2.327512916184343132e-03
-4.961314777438750878e-02 -2.592915918062460578e-02 3.514382869241183122e-02 -2.995951915755239170e-02 4.261263779946073554e-02 -5.592759419165555662e-02 2.657026097508523657e-02 4.419520931716832551e-02 -2.033261405940053543e-02 4.690160853458117540e-05 6.273870906579084861e-02 -8.996668118620165105e-03 8.771039224470954243e-02 -8.897348356435495764e-02 3.509995561760009732e-03
-2.007094017451165405e-02 3.301767392780328297e-02 -1.695536126467303908e-02 -6.677835166580582682e-02 8.441877706119262081e-02 -3.894879049395266052e-02 5.206800940526328664e-02 -5.824524226963249951e-02 -2.590270727110140746e-03 1.292039679287283402e-02 -1.998616555902504172e-02 -1.095722750881921240e-02 -2.248998427903175015e-02 -1.350019036064685658e-02 -5.369048064988884289e-02
-5.099728458043060325e-02 -7.102107286371646747e-03 -6.208141237760690656e-02 8.020942579371470593e-02 2.133412096884138368e-02 2.097429979945495196e-02 3.657012443585745676e-02 -2.013620954573084459e-02 2.366662498109699600e-02 -3.516821340188904660e-02 -1.070722228200172640e-02 7.154141468222253997e-02 1.881920997579419929e-03 2.460035119381581009e-02 1.719357571617859820e-02
5.651570138194116771e-02 -8.675363955563005630e-03 -1.836762543499315028e-03 -8.274970910935404780e-03 3.031551743719818059e-02 -4.117799242341021321e-02 7.513607103153287226e-02 6.244680581372066830e-02 -5.486507310795364634e-02 -3.134047992352335249e-02 -1.293744780674949135e-02 -2.975938254186712498e-03 -8.487052840975906065e-02 -3.274704736584568149e-02 -7.599942082053302850e-02
1.808205431078355879e-02 -8.072162440378879977e-02 1.571308259790304973e-02 2.716291707474557601e-02 -5.598335526503976645e-02 -3.320233249967489975e-02 -1.068211812906801533e-04 4.136144137191018894e-02 2.556678779053967593e-02 5.434397211147587448e-02 8.273057828170919670e-02 7.399578033475091854e-02 -7.325739225955001099e-02 -4.761948471446970921e-02 3.678273949345535476e-02
1.966622441490520692e-02 1.420940547521794446e-02 9.632340208280597282e-03 -8.357336765818373925e-02 -3.998449907330434844e-02 -4.113317140557721380e-02 -2.309795254896224864e-02 4.750661623664083344e-02 3.111852179014979944e-02 -8.191593619585268993e-03 6.247740110777515871e-02 -4.784159840847412859e-02 8.594322372143065047e-02 5.165760123684604715e-02 -7.434115306132349325e-03
6.052611359821982728e-02 2.418191700292520244e-02 4.638463054848681049e-04 -4.097756686087179745e-02 1.006676504424548202e-01 1.010953738845429307e-02 4.801036322128260370e-02 3.493549900407599915e-03 4.275498557291311508e-02 1.495464926405375844e-02 -2.517263836659874507e-02 3.087716462798108588e-02 4.250547565760477882e-03 -1.101012952083420537e-01 1.682802080637938597e-02
-5.089656498317601113e-02 -1.219004057579722716e-01 -3.275692385280508379e-02 8.024648055240719835e-02 -3.004768824923908718e-02 3.360051587079216501e-02 -4.720183431319171369e-02 2.490943775273743097e-02 -1.201115113794950229e-01 -7.419651425068522245e-03 -4.220797301525525125e-02 8.049758096287130960e-02 1.425065333448582300e-02 3.371862955585041427e-02 -1.500442705449340185e-02
6.545502943494500847e-02 -7.915297119924696867e-02 1.898746485696426595e-02 -6.414448529597747972e-02 -3.502503180503364205e-02 -4.090643917030591104e-02 -3.793922966953342663e-02 -1.150258631236820116e-02 5.220187595024213673e-02 5.413753819076716489e-02 -8.908670595480379373e-02 1.046029135917022346e-01 1.256753371490948283e-02 4.731588149870327720e-02 4.653230915481080393e-02
-1.976197602281834151e-02 7.589417961116503436e-03 -1.122386872383573063e-02 8.051440393428524467e-02 -3.112804769176913400e-02 3.868939007237973127e-02 -2.744907004578694965e-02 -1.456133007990049327e-02 8.378923420679803419e-03 -1.855047256596341343e-02 1.316991059929270742e-02 -4.387733558925059618e-02 2.706623311215927002e-02 2.507191959574569303e-03 -7.847368127727497814e-04
4.571358241266062009e-03 5.453597959963248087e-02 -1.552158743679126277e-02 -6.334994144752818281e-03 -4.489513303094401497e-02 -3.314487348667780747e-02 -7.731680552848400889e-02 -5.847683916603403642e-02 1.546890797401789981e-02 3.695348838359676161e-03 -2.564946799914585504e-02 -7.825324362378585641e-02 2.369495151172270123e-03 -9.642311813284797084e-02 -2.441630590233258985e-02
-1.942826765565257643e-02 9.458989512047327741e-02 3.391913396397190639e-02 1.935903269008219796e-02 3.151092207590810296e-02 -2.032705254841586998e-02 -6.582993944918262563e-02 3.910456787087512875e-03 -1.943582926110224915e-02 -5.165020105265956396e-02 1.037326718591874142e-01 5.694195921975286206e-02 2.701732511415445848e-02 6.272505833398269066e-03 5.489853809387957445e-02
3.519883266915959080e-03 3.620890148726475105e-02 9.185350749079149949e-04 -2.531091760249290154e-02 -3.224971270559651160e-03 -3.247804333840602353e-02 1.563056942871968863e-02 -1.640106700090621442e-02 -1.555669821607356257e-02 5.098173545773289350e-02 -4.454823926512587601e-02 1.340222230233542415e-02 -1.823632937727350314e-02 -1.294824559856649071e-01 -1.041025435499228456e-02
-6.708763122893343644e-02 2.472318560296985629e-02 8.988132209204052758e-02 7.969494284556756514e-02 -9.838608263260589099e-03 -7.953954746000057793e-03 3.976016466664113874e-02 -1.344367436976893170e-02 -9.388182747092183034e-02 1.917223407126609352e-02 2.464835557842583527e-02 -6.391350482977103953e-02 -2.363723408139250734e-02 4.719460345785247285e-02 3.406486420540592169e-02
-6.955363938500950562e-03 -3.373169765130272155e-03 3.465636498613694841e-03 1.860585733252490079e-03 -5.427318018970495733e-02 9.625173850225569872e-02 4.605541975269256301e-03 6.177184189633489614e-02 8.430281151346911972e-03 -1.836402446840203727e-03 -2.072995673880090664e-02 -3.452797639178019351e-02 -2.066670651639386513e-02 2.342690783018771053e-03 7.220254787593072265e-02
-2.298603711129015501e-02 1.688185032960887177e-02 4.046290657607539559e-02 -4.395636902755594572e-02 4.956760271516715000e-02 -1.334966970980029470e-02 8.414718026274721832e-03 6.755001383721716268e-02 8.962578025658418223e-04 4.528658348280682581e-03 -9.644600355955289250e-03 -3.796534751034709443e-02 -8.525985089124793470e-02 3.003591528302821528e-02 -5.239562726599403947e-02
4.250654067139462283e-02 -7.539067761119681854e-02 2.871593700678735928e-02 -9.540994482198676685e-02 3.311605463161144264e-02 -3.802317946193656262e-02 1.098379083232155565e-02 -9.254263023850942127e-02 -4.113169295826454852e-02 -5.572047396928680313e-02 -6.411082982095771265e-02 -6.166640144014692848e-02 8.806316044386429398e-02 1.578440426636194271e-01 -3.995063048879075873e-02
-4.083986935994589340e-02 2.919028008921996029e-02 7.282281636893142215e-03 6.813483177895651721e-02 8.366261988127520616e-03 -7.099851141331588178e-02 -2.801713187903028587e-03 3.195823423929750745e-02 5.309645066714607786e-02 4.864445386302632654e-06 2.488238362011082477e-02 -4.837096513028077416e-03 7.855805565474534291e-02 2.672131534031191649e-02 -3.737356746292575665e-02
6.162058429020013731e-03 -2.832256427743022956e-02 3.997588242166543598e-02 2.271695047488443697e-02 2.016089133432184821e-02 3.276888142616857236e-02 -4.618187092054029663e-02 -4.401794306572634485e-02 -1.689612100687964968e-02 -3.070541786892139191e-02 -3.062632197324615876e-03 -2.741266845145442360e-02 -7.385099394431446362e-02 -2.492546386081274240e-02 -2.474753144401851263e-02
-2.346594472109880467e-02 7.274181510128634176e-02 -4.139605920388285398e-02 -1.041372510828704901e-03 -8.457764180118762520e-02 6.567082267545412688e-02 -2.472108264879911699e-02 -1.570256128697899642e-02 6.712918976190661302e-02 4.548429077400836795e-02 1.616561775474281010e-02 -1.900100645620310044e-02 8.592459650963508999e-03 6.976989266720755312e-02 2.226732385950448007e-02
-3.710797117990077137e-02 4.532170674059109172e-02 3.776063777530865723e-02 1.301024777404722124e-02 -3.318348321998679240e-02 -1.876002168803220238e-02 1.888452905891217087e-02 -5.191134888974877765e-02 4.003809333146911981e-02 1.800830396358147831e-02 4.019074504660667679e-02 -6.958879614510324330e-02 7.266403452564844379e-02 -5.094171745946647623e-02 8.867476264555332940e-04
-8.221444212722061815e-03 1.949613178561541635e-02 6.996883223226838672e-03 2.352812679237016244e-02 -9.009167951031368457e-03 -1.691053893472155983e-02 -5.074409242715394001e-03 -7.847632570816154285e-02 1.521612442967137102e-01 -3.781589368281119967e-02 -3.695150473301647004e-02 -1.253313751963416184e-02 8.629629641564296252e-03 1.268802680652991732e-02 1.531852881142797308e-02
-2.100635986663232715e-02 4.610090063591338466e-02 -3.047433781084879847e-02 1.024981580229858136e-01 1.354466584862666243e-03 -8.735118548327624674e-03 -4.372609920989669469e-03 -8.528403237134242476e-02 7.248030370434590045e-03 1.685884424572606580e-02 2.281147422019452406e-02 6.978792307072971372e-03 4.689217169178416800e-03 -4.409911698397971092e-02 1.203913637704934246e-03
-9.803426427750923725e-03 3.581415191242982160e-02 2.134698849954529132e-02 -4.179169140771301499e-02 -4.105612260699502414e-02 -5.949012474627572017e-02 2.940330323042311331e-02 2.165635843661761761e-02 -5.940311491761205570e-02 3.204807829001261182e-02 8.271207440832094304e-02 6.772058549013040829e-02 -1.182713614599188862e-01 1.312924951647581051e-01 -1.204268042163653130e-02
2.963208942527527714e-02 -3.253024440559083158e-02 -1.255839084377300720e-02 -1.204105479112054650e-02 -4.389681673342885060e-02 1.102447426222765738e-02 -9.075142598899318958e-02 5.925473033242303336e-04 -2.648918989156182416e-02 4.028647427782840185e-02 3.341067567740910182e-02 -3.686726452050980568e-02 -5.368379459325782477e-02 -4.309603567201392843e-02 8.261914611194428812e-03
-1.570005932084046069e-02 4.755529845651562670e-02 2.784744424976456564e-02 7.226651856265083052e-02 -4.246164491129215957e-02 -1.456904667721300485e-02 -4.680839971448541408e-03 -4.652106099290132663e-02 9.022125255862604304e-03 -1.071216973405210264e-02 5.740402795451329115e-02 -2.584614988981984510e-02 -4.429430977508778955e-02 -5.280275833085049109e-02 -1.860758201979982596e-02
-4.736601150520360071e-02 1.031227115863747879e-01 -5.995846534195104806e-03 2.420003475737362436e-02 -6.388427488039782887e-02 -1.021287853362759339e-02 -3.201921046775186436e-02 1.635436499634507559e-02 2.542981723481350237e-02 -4.312212544951267434e-02 2.860793264370569203e-02 7.704370274089980541e-02 -3.145890071486409645e-02 -8.275920868011553411e-02 -3.371396253771084123e-02
-4.473544541441961124e-04 6.326508787450517424e-02 -6.635731709637290865e-02 6.395844369420251863e-02 8.096447038863820167e-02 2.229058619867702040e-02 5.861439198175620591e-02 -1.152651269096358483e-01 -2.323363018837992441e-02 -2.556031515167699053e-02 4.280012426081506588e-02 7.589186431513532394e-02 6.306831201413926058e-02 -8.538919891008128760e-02 1.604210649950679052e-02
-2.208665049277621327e-03 5.167117505559962187e-02 -2.409633769821233409e-02 -1.021782258090758212e-02 -2.092063833012326041e-02 5.251129581527790025e-02 -2.489760362437100708e-02 1.480395912524446606e-02 -1.309093232580230311e-02 -2.872928031471364343e-02 4.190163798174576654e-02 1.188850154890996325e-01 -8.305905906765606583e-02 -2.552205627762250267e-02 1.683105386122195346e-02
-2.663731799545641238e-02 -1.027131324913443250e-02 7.926549574276987864e-02 -2.417692031835555130e-02 -6.887900130685291333e-02 2.654692347674244071e-02 1.606685759912481306e-03 1.987091871287730710e-02 -3.085897419502796335e-02 1.880205644836413503e-02 5.112773590893436582e-02 1.022867942016859703e-02 -1.285588392420320726e-02 -6.228444649104246389e-02 -3.653497374735963782e-02
8.605596816570729168e-02 2.006745400816601146e-02 3.245641497500246359e-02 2.382297234268130129e-02 7.827183132470724725e-02 -7.537617601601113472e-03 1.198469341349297362e-02 -5.350707985382214399e-02 4.011161138783288921e-02 8.577458354688904940e-02 5.997670193587689019e-02 1.466599823659680765e-02 -2.382545703233073658e-02 1.989185188789834025e-02 -3.929233095525616615e-02
9.070328857308054826e-02 4.029923992650544240e-02 8.862738809240096327e-02 9.411274056768026766e-03 2.621389843119692475e-02 5.876346639347222039e-02 2.184789166097926214e-02 4.946382700728893522e-02 -8.134522857190935874e-02 1.648423049364346193e-01 1.597994487628965829e-02 1.016406444763024754e-02 -4.849818672923452562e-02 9.255114424091122295e-04 5.446752422876015298e-02
5.271424088720422230e-02 6.063777087525516057e-02 -2.563393725867297787e-02 1.264985511689105946e-01 2.196789779753662714e-02 1.726873353880961082e-01 -2.827347996200679694e-03 4.108074359507207785e-02 -3.844953489022887722e-02 5.382801375794631776e-02 1.553194641938772935e-01 -4.697466761913660777e-02 -6.437439280572117284e-02 -1.151935165103580988e-01 -7.720263738785676511e-02
7.545187940455587439e-02 3.256391902336118471e-02 -1.351308518459607387e-02 1.970521437039841617e-01 5.722316348990121038e-02 7.626464304662955440e-02 2.263481601609752120e-02 5.311180518293272951e-02 4.052517813906878624e-02 8.367784345482962016e-02 1.812473134005509329e-02 4.051335125265835557e-02 -8.149648517927904345e-03 -5.783210665765426556e-02 1.214072902631035608e-02
1.097370865734592915e-01 2.543651442652329273e-02 2.857026521069051458e-02 1.129738815823810583e-01 1.145748918847396963e-01 1.267192607683020056e-01 4.393367320195997600e-02 4.057985031619107397e-02 6.020181425606637576e-02 1.338222487924481119e-01 -4.899002328349248356e-03 -4.216048723814752076e-03 1.251156064065681306e-01 -1.382720704386832845e-02 -1.579389183679032541e-02
1.352662101486228619e-01 1.868372024134203752e-02 -1.556862768382153393e-02 6.995929042731360847e-02 -5.622491732883612425e-02 5.620987474575211973e-02 -5.025147458603618916e-02 -8.206190514854935086e-03 1.299191735456154406e-01 1.058775471305671984e-01 1.786980954592683191e-01 1.853353500516387309e-02 -5.831622852319075234e-02 5.049442294227786355e-04 8.313867011714880240e-02
9.088381173445650441e-02 -8.673176188976032194e-03 5.176099590915831522e-02 9.863734967053310043e-02 1.416092126459759515e-01 3.545529062892860579e-03 9.999138578891866858e-02 -3.885223199533984536e-03 -2.615167717343586107e-02 5.219284515072748071e-02 1.008338143810105364e-01 4.116440096715726082e-02 2.428688294463459199e-02 -5.371072090054444803e-02 1.920671067634822579e-02
8.406786393933111945e-02 7.864974684792937210e-02 1.843286626485560881e-02 1.693917116816031354e-01 2.080142720930205566e-02 1.771764180308559034e-01 4.438406302937060455e-02 2.141903305433867366e-01 1.188138361046378877e-01 2.007570701310847083e-01 2.393660674297007074e-01 9.241367253111849867e-02 6.772463489653471336e-02 -1.952039959865779079e-02 9.394739870830176587e-02
-2.835164450685423269e-03 4.529120024527768379e-02 8.527144526500567145e-02 4.734250413745522829e-02 7.538544253997292444e-02 2.760773517942372371e-02 1.824953783442063160e-01 9.740088594603575622e-02 3.825825202652100021e-02 1.528419089548095633e-01 9.969297236348911850e-02 8.368906064392812871e-02 -2.220594788931477132e-02 -2.285783739630778758e-02 -6.662781461638058074e-03
3.207762675103190825e-02 4.814674410500000869e-03 1.333888992716841249e-01 5.792045518857051080e-03 5.048489474696159912e-02 5.732435939482721093e-02 1.039892632236119746e-01 1.060728821545836448e-01 6.442252274462227125e-03 3.779813156458081136e-02 2.013443788085398922e-01 3.239093373151066130e-02 8.365169853646922671e-02 -3.815015793241404579e-02 3.776928321972109924e-04
7.079859555024779760e-02 8.723688786802924477e-02 1.161366445918146778e-01 9.647250747213402533e-02 7.304684933131030955e-02 9.546282722557909717e-02 4.505040230260544398e-02 2.527522316463267638e-01 5.602232924799960961e-02 1.240550295049008475e-02 1.523028091446462229e-01 4.003956958178738618e-02 9.372350440972973540e-02 -7.073669229051150753e-02 7.764600829448405073e-02
1.353431826085477740e-01 4.147952170279470968e-02 1.035880829244410772e-01 6.984095125749624489e-02 1.103835385753511589e-01 1.063290870642088354e-01 -6.096466513851250650e-03 1.827399434413733703e-01 1.483491615395669538e-01 2.529780233961017102e-02 2.514974329888681193e-01 7.052273949055469504e-02 -5.899009698144552089e-02 3.450352421960249660e-02 -4.122822432234147377e-02
1.226835693393145549e-01 1.062433114482103924e-01 1.080331607191582777e-01 1.567160109502720444e-01 1.097605704061335209e-02 4.301796624258857199e-02 6.223290405757633120e-02 7.798778460543751012e-02 2.922516771900806054e-01 3.058130726631580129e-02 1.495913291892308206e-01 1.404877352876660601e-01 -3.275931848701855997e-02 -1.049421610495728657e-01 -6.452097699936104602e-02
1.156490130561546315e-01 -5.134284460624308905e-02 7.334952513289420828e-02 1.696774213312329527e-01 8.206810473566372721e-02 1.383550454172819133e-01 6.560227730505821531e-02 3.914583755738758157e-03 1.393736570350222470e-01 1.054610413700500099e-01 3.270073246963123292e-01 1.213397157046790763e-02 6.989250808947046478e-02 4.971688830540729742e-02 -6.491110929048189704e-02
5.982968145409933020e-02 -2.312782663960054677e-02 1.102445807468123290e-01 1.227796089749428332e-01 1.491952679150388705e-01 1.739723496264612979e-01 -1.078132086073755463e-01 1.250356575586242247e-01 1.074293721719632999e-01 1.642830300819740075e-01 3.157146370976783301e-01 5.194712304765548155e-02 7.461675740601704521e-02 4.885128172569364047e-02 3.798143409633721740e-02
-3.184049140047625487e-02 3.232485367807386850e-02 7.091656094728170101e-02 1.324958384283664026e-01 1.191579568797300759e-01 1.302120597718793293e-01 1.704068315537507136e-02 5.661700608514826094e-02 3.662736242123349611e-02 1.904051458942029595e-01 3.561057384633332101e-01 9.224597594579748983e-02 1.797133606019953728e-02 -2.669277809973216037e-02 -5.357518389823618180e-03
5.274034080684231879e-02 -4.155840706967932341e-02 1.580310889056888157e-01 1.557647670526002559e-01 2.067964185032021007e-01 3.514178406931826038e-01 3.604082410730080795e-03 7.741182857757653024e-02 9.515427145737552495e-02 5.891443323530392018e-01 2.742777281785490073e-01 1.700100958626827863e-01 -3.110149559927926494e-02 -3.663694538156696268e-02 -1.633856616374135262e-04
7.689556335491198880e-02 -4.691933132515677812e-03 8.292289618924354733e-02 1.956471212283290850e-01 1.249370656843333260e-01 6.172069259873165237e-01 -4.039161801190053330e-02 3.100894107101506703e-01 1.185405152415672514e-01 5.949781236277321694e-01 2.143669421694756605e-01 7.511066284866543818e-02 -2.899932592957475685e-02 -7.300687753839210647e-02 -5.087574091365230228e-02
4.828122530410083185e-02 9.694663643035988237e-03 9.968021160080180534e-03 1.194373076998823946e-01 1.955113035422517132e-01 5.891608619190603635e-01 1.005490801294666170e-01 3.243719788094020506e-01 2.674373907002814410e-01 3.677222913597147369e-01 3.081851154664648762e-01 1.284854840341284610e-01 -6.134988019074122563e-03 -1.698165080160161933e-02 7.489770034223884598e-02
1.061429972179340070e-01 7.039366023366865066e-02 1.158033024660348048e-01 1.598981179899738592e-01 2.555930260739379678e-01 4.684198174670651804e-01 3.332036603147605081e-01 3.005761755350452313e-01 4.581212470755537391e-01 4.138513748722725816e-01 2.903857218160863507e-01 5.429576450161573142e-02 -1.729556709119011576e-02 2.555829783433879315e-02 5.819637241664550598e-02
7.628113140702427741e-02 7.578645503414828399e-02 4.318581965833160480e-02 1.092565132962970836e-01 3.624222015728362223e-01 1.692610195335946532e-01 1.548724187942794039e-01 5.280352291346754878e-01 1.052704792703518244e+00 2.046072152544118061e-01 3.574118115474197444e-01 1.595198681582634392e-01 -5.381554833924364484e-02 3.386416213471217865e-03 4.132933870547760707e-02
2.204473152084709675e-01 3.677573399281063027e-02 3.869936083936525301e-02 2.299289723355967263e-01 2.361370731411912838e-01 2.612885381457099032e-01 8.077394792282203140e-01 5.300739894598577306e-01 5.760536739976928056e-01 2.131869775038133241e-01 1.831020930085476839e-01 1.700234860581071039e-01 1.903226776380185711e-02 6.620534320086542308e-04 1.773414664942019395e-02
-2.083151343102707109e-02 7.527863760097025514e-02 5.353191273472344795e-03 7.165766735242991292e-02 1.620952432911709207e-01 1.879133367690506151e-01 4.093665098918775058e-01 2.542154753367447673e-01 1.923767285306456631e-01 1.200942276359032862e-01 2.974683770234582414e-01 5.532085577190067049e-02 5.340521769445025907e-02 1.342082945720465825e-02 5.417671495995312952e-04
-2.232994131966117152e-02 1.124462217074246040e-01 1.173383031398293197e-01 1.318916480147649672e-01 7.768556333477590059e-02 1.598991801460295514e-01 2.129729895964603270e-01 1.374604564825748776e-01 1.304911422565637746e-01 1.189598218947267583e-01 2.689731990533911765e-01 1.219390216207333066e-01 4.057566169399406258e-02 -3.316404972451104938e-02 7.091622353453040650e-02
4.524226730920006406e-02 5.544734288974253328e-02 1.207566412855991256e-01 3.488340430546664483e-02 4.614066526039736771e-02 9.502027224236429814e-02 -7.455307798312225780e-03 -3.478132541363749414e-02 1.774226274178826723e-01 1.137227290152199033e-01 2.057496966841065589e-01 1.328164206541263548e-01 -2.116277056388515994e-03 -5.492112318649027686e-02 3.455944765577133315e-02
3.299630900587182530e-02 5.494903743931978113e-02 4.139601986467816158e-02 4.675166866224385320e-02 9.720644075830908726e-02 -8.115700799806982793e-03 -1.326659140484977469e-02 2.792299729183602211e-02 7.784008809834247478e-02 1.661730170402035967e-01 9.505055441598322941e-02 6.818939584539655818e-02 4.737362448966325051e-02 -6.768848156318123255e-02 -7.696564989716449257e-02
1.129615527740498136e-02 4.914300429086840977e-02 1.678488150124194181e-02 -2.920525629296603530e-04 1.954879442536266165e-01 7.457103311253895916e-02 2.714823530898827567e-02 8.410505082820625422e-02 8.764737365259701873e-02 -2.534547875830065952e-02 1.248971470208269652e-01 2.927979135149553699e-02 -9.438111204469063972e-03 8.578370061482171183e-02 5.020115581863002219e-02
-6.985557587225006693e-02 6.938387566198984946e-02 2.735570749494962289e-02 3.728123180686123360e-04 5.811669172764642038e-02 9.689352360334978903e-03 -1.978118005650951472e-02 -5.141113470373014083e-02 8.448615185011296158e-02 8.314008470335196299e-02 7.623290895104159470e-02 1.271743055020871094e-01 5.694961673004084006e-03 -9.234952063575456796e-03 2.697255198550544547e-02
6.368816931870694559e-03 6.045163578283904021e-02 -1.324317951353281425e-02 -4.077663960289149708e-02 1.218821648557515402e-01 2.641936764281810693e-02 -4.660869961668027278e-02 4.182152455333864975e-03 1.956338651053871405e-02 1.809906540378587031e-02 3.206830941091625559e-02 1.592068348631729413e-01 -3.101434013353936842e-02 3.512761383347307725e-02 -1.798737177324365166e-02
2.820944903946209781e-02 9.346937475079689084e-02 2.149430619309238011e-02 4.441193419428709176e-03 -2.915581764547856350e-02 7.829470365470864168e-02 -2.338469932751968336e-02 6.149175120892523549e-02 4.804452326750604239e-05 -2.503655080177768014e-02 8.807674151445202271e-02 5.773586605722007270e-02 -4.775910208273280097e-03 1.695374401996639982e-02 -1.660858719572204031e-02
2.181016712159389997e-02 1.304092768867343710e-01 -6.789480124376663650e-02 -2.237139608386890313e-02 -4.133105290507408693e-03 1.400331880490657266e-02 -2.960581582378461057e-02 -3.408711902316093056e-02 -5.507164790027642420e-02 -4.533105789534460500e-02 4.228981439986553847e-02 -3.086503122960398970e-02 3.916137281682874338e-02 -7.121772126960231042e-02 -2.582116859173440304e-02
5.197095000655915092e-02 -9.403472487139507077e-03 2.133208685007960403e-02 1.282556472663828537e-02 5.511239360515303616e-03 4.496562939000704057e-02 1.622378433972453127e-02 -9.221894707505352839e-02 -4.042526076932056490e-03 -4.281035451386262097e-02 -6.497266030742021581e-03 1.410630966772115878e-02 -1.628467356460616342e-02 -5.994419541027244669e-02 -4.609500642469169240e-02
-8.346877060959561126e-03 5.611981922452171506e-02 2.422102419914245672e-02 2.396843707958267247e-02 3.737485713798557180e-02 -7.602461857878911600e-03 -3.528790460691139282e-03 -8.175290241541703293e-03 -7.467902605604476163e-02 -3.441592795207557703e-02 -2.225846502893813472e-02 4.621572506889354975e-02 -3.532985589406546778e-02 2.315965401728243677e-03 2.866992036394706324e-03
-2.961424736184037169e-03 4.525488696138987854e-02 -2.113865396416988313e-02 -7.109960652835380090e-02 -5.953942995990992720e-02 1.038114733401339362e-01 -5.536700398691603298e-02 -2.128088733047097530e-02 -1.553157522480134133e-02 -3.821555543557814821e-02 4.625892797011850466e-02 -1.404872578903920005e-02 -3.644663416527715860e-02 -1.223288423874306224e-01 -1.438114588254164189e-02
5.514899193960500628e-02 1.085885523499862011e-02 5.345423545245860802e-03 4.433852765907502630e-02 -3.159456373393098455e-02 2.164535463336729817e-02 5.081677199733389272e-02 -6.429457940588080914e-03 -4.957233511136862475e-02 -9.303344018713792518e-02 8.848565771923452838e-02 4.730035460622016019e-02 -1.553462853721261291e-02 -8.139130748044075270e-02 -7.500750418230520133e-02
-4.196070747251460890e-03 -4.553650467942847724e-02 1.146640462583894612e-02 -1.044974713446636255e-01 -1.032789575323138087e-01 1.104443156368344198e-01 -1.976932143587823223e-02 -6.679931105070181785e-02 3.003177197505265284e-03 -7.639899000396660478e-02 3.517610338173935564e-02 1.332277501666966416e-02 1.035169288056620243e-02 -1.148046209822949776e-01 -1.382382165144101054e-02
-4.576409246373138611e-04 -5.086988411897970519e-02 -4.973612800092719333e-02 2.260317343810738094e-02 2.412716159353950340e-02 1.182107323073940258e-01 -2.342109013780884277e-02 -1.564488622941467150e-02 -1.365668018624787566e-02 -8.913860996352837573e-02 3.179807334924437262e-02 5.634639913124423610e-02 5.882952885098754157e-03 -1.591008825947497207e-02 -4.920845050916503038e-02
5.142605797278756302e-02 -6.595358138890980437e-02 -2.689026584383137977e-02 -4.525320951621022991e-02 1.450695024132319863e-02 4.092722844757736705e-02 2.697394244713216885e-02 -4.017649686544310858e-03 1.828030135757760175e-02 1.506873566737253547e-02 -5.533326482664301105e-02 5.912518058978163960e-02 -1.391800479266445609e-02 -1.155531435761064513e-01 -1.428802139726169894e-02
-3.825029279971939311e-02 -2.302206060004331149e-03 -2.297458626188395373e-02 2.214750690361250857e-02 5.847792387663301727e-02 -3.103594216769512901e-02 6.769533109878529686e-02 2.720867995639673215e-02 -2.299334899708573715e-02 1.036421183794610824e-02 5.963246430543901050e-02 1.799347548076163849e-03 2.852693058365316989e-02 -4.926822501964513851e-02 -8.608531533471240269e-03
1.680891880972625041e-02 -7.160819524039628570e-02 2.921556903281469220e-02 1.252422779841687664e-02 -3.565059019527263683e-03 -1.446330029142465536e-02 -6.376201855835635091e-02 -1.356517334557096888e-01 2.953695354159073527e-02 3.011470470108675024e-02 -1.698811661025358827e-02 -2.238174054450797756e-02 -3.418743152344757164e-03 -9.786101862543110375e-02 8.618211609189554978e-02
4.124784406179457519e-04 3.323702352439653063e-02 2.746963275056613779e-02 1.326077292908735836e-03 7.551570404764205990e-02 8.773036973356820867e-02 -6.964980561458526676e-02 -2.507225749466895567e-02 -9.407906311313364578e-02 -6.773670345195272058e-02 -5.335518159621582129e-02 7.045955998050539015e-02 -2.487019904003883244e-02 2.124192370232194302e-02 3.791254344592340925e-02
-2.011244147020612924e-02 -1.284751297082901457e-02 -6.020862116854530655e-02 7.544727012522682574e-02 -2.291109573366489210e-02 -3.732950018227765288e-03 7.572943125326738086e-03 -2.040659543981917373e-02 1.325868097635566744e-03 1.254431624447755952e-02 1.583421976869571826e-02 3.415962025360026050e-02 7.868470323097859209e-02 -1.399588159572812823e-02 -2.301718008170284754e-02
9.448755229641656039e-02 -1.107880269488520711e-02 6.659805512436728359e-02 6.548252353305171469e-02 -7.190460100417832290e-02 1.573030630895366072e-02 7.069066658600757502e-02 -3.058423913961323334e-02 -1.042010640901195294e-02 2.311561144682978269e-02 1.001654088442429924e-01 5.859515132709753465e-02 -7.232876869350679527e-02 1.264478613352648384e-01 -2.209730741699133041e-02
-1.520924735351387135e-02 -2.988495929449754007e-02 -4.958519159595308617e-02 3.239540384736257911e-02 2.646125998721825939e-02 5.381335110615816965e-03 4.440985996841770311e-02 -3.496555763348929702e-02 6.215111028331364584e-02 -9.863014266670641628e-02 1.004758383056487958e-01 -1.830447390188331535e-03 -3.829081465510435905e-02 4.308379522170113773e-03 -1.587846508369757451e-02
1.735056462728971627e-01 4.746730217043206718e-02 -4.866244201629001120e-02 -1.938719767510441866e-02 -3.599466830183768035e-02 -1.030936233931470034e-02 -4.221268542303752841e-02 -1.303952474003140447e-02 -7.875069523037199481e-02 -5.948831045104325393e-02 1.296664823983502968e-01 -3.939879313954206680e-03 2.537910710141070766e-02 -5.148300869298611665e-02 -6.441507186671176222e-02
-7.323905620588005982e-02 4.224885808243655436e-03 8.875105198379910909e-02 2.207696117583935955e-02 9.240196758977865799e-03 2.760086309151379286e-02 1.942341582425814381e-02 -6.494452623336668257e-03 -8.145343142359264335e-03 2.815802432730489177e-02 2.002234602797802257e-02 5.887336936300927026e-02 3.537654757117877219e-02 1.069147945473073076e-02 3.988245632541738417e-02
-3.277695282798436666e-02 3.999587660289917468e-02 -1.385669057326851909e-02 1.881418298479942131e-02 -1.031918952434967250e-02 2.139720067910245906e-03 1.340004527067887620e-02 -2.196252706912554635e-03 -3.629682882636522251e-02 -3.306430094003661585e-02 5.245047383131598573e-03 1.986321348406758572e-02 -1.419290042475523650e-01 -6.910414083534738294e-02 3.722164005590785241e-03
5.086612119219724448e-02 7.673417439896379477e-02 5.233141204523165252e-02 7.947407768406669626e-02 -1.209850472530002961e-02 2.943929757633874985e-03 -4.733919442495821556e-02 -3.199276669623395825e-02 8.966592040985080572e-03 -7.596494011455193207e-02 -3.445845668961157460e-02 -9.227129443128949393e-02 4.067680317096480924e-02 -9.273796906586408151e-02 -1.731884807899126619e-02
1.599203492676076754e-02 -2.530411378372923042e-02 3.183700918580156108e-02 -7.937383330486717098e-03 8.132470417846786315e-02 1.014028451190770140e-02 8.883999323677635104e-03 -1.131831842061903522e-02 -3.081864865877925394e-02 1.056741682232041624e-01 -2.025600164144122223e-02 -2.169343429690752736e-02 5.017860089262748957e-03 2.661505511128039320e-02 8.361034274744017294e-03
2.313835752643596602e-02 6.822787583856947113e-02 -6.273352825977808467e-02 -1.282900763975623575e-02 -8.173364357439853733e-02 -2.512479085208728716e-02 -1.464856294245551332e-02 -5.081779305782443967e-02 1.193693129863485948e-02 1.304926298386747605e-02 -3.242420670381321313e-02 3.898396148663243327e-02 3.835091641338961993e-02 -2.167683377577743487e-02 1.220396051739487953e-01
5.946677130409853962e-02 2.865186380581987574e-02 6.831419508553207565e-02 -1.272935827780062069e-02 4.440479047142260882e-02 3.722997082087297488e-02 2.209752637490418684e-03 2.240281851093544122e-02 -4.154656929212275501e-02 -3.052098308296914957e-03 3.067097650838417414e-02 4.057342550076801363e-02 1.451991340126146390e-02 -2.856752604859921427e-02 -5.357590549891901727e-02
-2.437458203193421102e-02 -4.785391638001343546e-03 -3.973253752440960435e-02 4.535630118884611053e-03 2.256805379562141708e-02 3.761313303867328678e-02 4.167327819087374499e-03 1.318102571747182400e-02 -1.216752215511088080e-02 -7.127378210993402796e-02 -1.275323062065614535e-02 3.745994795960633922e-02 6.519712137311891448e-03 -2.114420831132336753e-02 3.216323373472781272e-02
-9.347450748239564261e-03 -3.572957674285126561e-02 8.992013335728547829e-02 7.093368845082270724e-02 2.488754767596929041e-02 3.263825477181271639e-02 -1.953494666478946401e-02 -9.614088875310343105e-03 8.577572173264383371e-02 -5.111548426584164306e-02 9.269010116252446307e-02 -6.431585968443390144e-02 -4.078972840135227165e-03 -1.783827806219699316e-02 -4.493125001394851492e-02
-3.667602168897485942e-02 -2.262923542833321019e-02 4.175201369602379170e-02 -3.142366977219640534e-02 -2.083398170163666338e-02 5.128423171417084703e-02 -4.785844894562611695e-02 -4.059570926457430062e-02 -6.345350274722132145e-02 -3.760223619403214174e-02 -2.447004407088991182e-02 1.474581317587603246e-02 5.774824526303361932e-02 -7.886630971897352904e-02 1.309706247361276145e-02
2.412505497211436464e-02 2.025921563392362942e-02 -6.688928075126999995e-02 -3.730562873847714095e-02 -1.609843573015243626e-02 -1.107575091481872442e-01 1.744754819395135173e-02 -3.961955712215445291e-02 4.570643123175883310e-02 -6.449073940143780492e-02 1.550815275293965234e-02 -2.684800201038636033e-03 2.101405012421364484e-03 -7.000809212128325520e-02 -5.360465159467713014e-02
-2.495442348350125281e-02 -1.021249624744496876e-02 1.164599235003146126e-02 -2.958896646493280186e-02 1.968661691677490999e-02 4.581313865732512813e-02 -7.734433874835369704e-02 -5.622236654923457727e-02 -1.662932008128748321e-02 -3.480401211201318568e-02 -3.231581556994380516e-02 8.191189522585405614e-02 -2.630077742377997727e-02 4.135718289132851722e-02 4.831158124371041224e-02
5.168586032695513671e-02 9.567555936108448900e-02 1.173259818899266560e-02 9.361409099799054834e-02 -1.355025969551678332e-02 -2.548161111863965836e-02 -3.820460771397090477e-02 -6.480640872379415940e-02 2.335557629679590672e-02 -5.339660005529394543e-02 -1.523967967579365965e-02 9.044621424308703708e-03 5.336541561120306670e-02 3.609847744332880803e-02 2.508466394348689982e-02
-2.500577565611281777e-02 4.606866049283141196e-02 4.821219345510079080e-02 3.879623165847023714e-02 2.075933580273004592e-02 3.005705240215752333e-02 2.749278625179172111e-02 2.517069244769348704e-03 -7.168113098978846909e-02 -4.203067870652996835e-02 -4.526340644732828461e-02 -1.584105813869133780e-02 -2.527594421832178584e-02 -1.257704421036572595e-01 -8.382627793980808317e-03
5.511794562795378077e-02 -2.206177329353782232e-02 -4.204384171246392660e-02 -3.507218606129723637e-02 -2.127542377315551000e-02 5.302176322948183584e-02 -2.603593133226239989e-02 -8.274166495130862164e-02 -9.664673498234047089e-02 -1.938358751505808025e-02 1.004979579538957044e-02 4.142350467712455075e-02 -1.416954351538970459e-02 -9.661955002043175200e-02 4.305114013556554653e-02
3.357628927973517474e-02 1.022581603429946993e-02 -5.409676946838141987e-02 1.609525589695508588e-02 7.916659616359736362e-02 6.787307759092459092e-02 -2.237138670882539079e-02 -8.719301449779880142e-02 -7.808499448841899407e-03 9.649932637987773676e-02 1.225715898308714913e-01 -8.902793042175042746e-04 5.963738142052908697e-02 -5.951027322674717207e-02 -9.094636702061325434e-03
-4.043255300498239946e-02 1.975748307655666308e-02 -7.489153209774571107e-02 -9.108367433498353993e-04 -5.018774292738876347e-02 4.005627294953260920e-02 9.695203227568009036e-03 -5.275478233306842013e-02 -8.406036912754026580e-05 2.657731456222308178e-02 3.393047815889301683e-02 2.123017129155114341e-02 1.671109705101809714e-02 -2.110343588412987026e-02 4.735096362993395508e-02
-7.137499236242400569e-02 1.134739588062013381e-02 -6.149644884551171142e-02 -7.824699105727352111e-02 3.934537819501607997e-02 2.043390247554553382e-02 4.042284675268840131e-03 2.664052733387794678e-02 -1.028095799158066682e-02 -6.814826655002911848e-02 -9.881802571645229710e-03 -2.504731803518357031e-02 -2.928591887688239068e-02 -5.382826355042562294e-02 5.620974627537877327e-02
7.296245133873548172e-02 -2.889995721711023299e-02 1.905711114718902296e-02 2.493368755601088962e-02 -4.957655802747307217e-02 -1.351336336783135438e-02 1.719990004837908953e-02 -7.432747539346165611e-02 4.661948928219277442e-03 -2.711478932263679253e-02 3.797013615106204052e-04 -6.983272239607744673e-03 -9.975900304402877949e-02 -3.436637506362903022e-02 5.075736911971307636e-02
-3.881904176491573349e-02 4.288573673535516634e-02 -6.103254931657263287e-03 2.146943323007849749e-02 -7.205654780312849284e-02 -2.578500282276146097e-02 -1.957423124959799948e-02 -3.266935865804977690e-02 -5.359568576478676571e-02 -5.675330052946437470e-02 1.134532070164142280e-02 -3.640444188780704582e-02 -5.321223738470912817e-03 -4.263378891279694799e-02 1.377811486515974912e-03
5.868050020741642780e-02 2.923092603622184232e-02 1.289035635576857297e-02 -9.228650048133844874e-02 2.522013061257865479e-02 2.861836410550276308e-02 3.207537328423689174e-03 2.885972032172701152e-02 -2.964745783775362721e-03 1.021112900337048102e-01 3.264184391484128284e-02 -7.122232306166302314e-05 -7.572289676676605130e-02 -9.320800557469765407e-03 2.079475216027000875e-02
1.422752579990007107e-02 2.040788898048297856e-02 1.388727878384404249e-03 -7.666897264552252275e-03 1.110562288232546345e-02 4.321568604272250230e-02 8.523472003311338002e-03 -4.255215387701189594e-02 -1.084786857129719506e-01 2.580349652177645666e-03 -2.092811155073825979e-02 6.802696626183064865e-02 4.578982153844828040e-02 6.114868815613818537e-02 -5.293429325028253980e-03
5.027333386998680820e-02 -6.526041028214622786e-02 3.037299910610996145e-03 3.948101253484505822e-03 -3.229579502096228960e-02 -1.738267244238347539e-02 5.162872982056113114e-02 -6.661623456612729421e-02 1.337416238521466592e-02 -2.845899365562583327e-02 -3.431590308289303448e-02 1.254683003625302051e-01 -2.222565119920379140e-02 -4.700016501427236107e-03 5.298235711051656888e-02
2.996029102708292965e-02 -3.564445918550155929e-03 -4.063461172342727745e-02 -2.930116079793049916e-02 5.325761324858735435e-02 1.712298172994224446e-02 -7.088821063717080928e-02 -1.720499374767683193e-02 2.712056302745066011e-02 -4.429568623040279485e-02 7.640480624631298956e-02 -1.877234632134791234e-02 -1.623693617743536891e-02 -1.593115010267708020e-02 -5.145176866177002262e-02
5.214172916384891138e-02 -8.474461501814530007e-03 7.358299665773727904e-02 6.010988419644817254e-03 4.026477277985427566e-02 -3.415333474703889649e-02 -3.606373416114837249e-02 1.622448984896469534e-02 -7.298324674515534183e-02 -7.322263241269870264e-03 -3.217622140062963848e-02 6.446111086184979971e-04 2.485507780014376347e-02 -7.573287713408156929e-02 -2.096558689867484074e-02
5.121736345467887280e-02 2.087277290920155556e-02 2.212589918015179721e-02 -1.871266832848095599e-02 -1.352718639096323061e-02 5.431323598898299930e-03 -2.162792039084285647e-02 2.842227038713705453e-02 -7.279455007764511210e-02 3.138947256332396546e-02 -1.243416358118098770e-03 2.001882287267462909e-02 -7.819292159259164099e-02 -6.395078838762398299e-02 3.578696398251898086e-02
5.820787514808126867e-02 2.514726726582745819e-02 -2.324472483645318929e-02 -5.948699025341968975e-03 -2.394460680530741126e-02 -2.060491034490250645e-02 7.739668520210382652e-02 -1.548017841900226586e-02 -3.505383637595309992e-02 -3.683357407181957199e-02 3.756986222033183859e-02 -7.208935550470187137e-02 -5.622550797404214651e-02 -4.215251583877706321e-02 -3.053093823392034542e-02
5.388154547843419101e-02 1.638270491565578871e-02 -8.286326322405526690e-02 -5.514516621107700550e-02 1.253307877960480043e-02 1.214482824024196682e-02 3.425831723870795265e-02 -4.363055958456212025e-02 -9.844751916447833096e-02 -5.593323113999977732e-03 3.997299212070446611e-02 6.906817432335650431e-02 -2.819716272637777174e-02 9.913831630444118470e-03 -1.581147305788447102e-02
-3.817812852236721760e-02 -3.266757447088130401e-02 -6.102125512154335518e-02 2.810506041621349104e-03 1.163255126355587470e-02 3.879333542277069863e-02 -4.007460307885691436e-02 2.509177129818383756e-02 1.174830253267543194e-02 3.803720686157934655e-02 2.826430495945904398e-02 2.359619202698015616e-02 -3.912468991231386750e-02 2.078206048028766878e-02 -8.616471317270342489e-02
-1.811560785726852542e-03 9.251448368997514105e-02 -9.894018216139829208e-03 4.149414103760779710e-02 3.237388994190816376e-03 -2.520863279698198553e-02 9.245833563875920091e-03 1.191702625666133351e-02 6.249298485780514084e-02 2.125665529229761874e-01 5.510060822887825893e-02 -3.617800348430977222e-03 -8.854094601972617440e-03 8.463699273745496632e-02 -1.154169715088540146e-02
1.257635095326511132e-01 3.527486175585534123e-02 1.140836298535164856e-01 4.315933545673936722e-01 1.478082728913364396e-01 3.103608349288098506e-02 4.519581585049707584e-02 1.007707116792651639e-02 1.078956177883049067e-01 3.745065016191242990e-01 9.008933431104011735e-02 1.009321688630879371e-01 -1.114176958484733347e-03 4.180183682998951655e-02 -3.878175000518619547e-02
1.319174095984542716e-01 5.933724113750819817e-02 1.187866595897222460e-01 8.446898849736022008e-01 1.229361271456575755e-01 2.593239225988032692e-01 7.712151500610640864e-02 7.765127035306786940e-01 2.693553982299023430e-01 8.384055705398062441e-01 5.783030191105597018e-01 1.362957398780316465e-01 2.479709243183488704e-02 -4.625600762147733490e-03 8.721708085157740820e-02
2.780636265260422735e-01 5.389082759180546106e-02 3.928055349138454555e-01 8.161061567200801337e-01 1.874896223451932298e-01 3.461130790021523240e-01 1.752159081518293859e-01 1.672032998206747001e+00 4.745539843702479832e-01 1.157954905482303509e+00 9.316477059047358900e-01 3.868068205939925175e-01 2.925408969040909149e-02 8.491790943572703407e-03 1.058084477334476914e-01
2.590671189070065661e-01 -1.658190156726556744e-02 3.917657705327349249e-01 3.818827779416313906e-01 1.030325453009056091e-01 1.703870881278265470e-01 1.311202877208516859e-01 1.226232018905274668e+00 8.018180807091098705e-01 9.509181094393465150e-01 7.161419385618328359e-01 2.223938187651779974e-01 7.921074913098782866e-02 3.664162537177539924e-02 1.443469318138672908e-01
1.269847723607315515e-01 3.349635079360513499e-03 3.073315137279208908e-01 1.704524191454930560e-01 1.396581892139420467e-01 2.780401789955604941e-01 1.164968583125227108e-01 7.124289735205905361e-01 3.591299829390438569e-01 4.572077924356826029e-01 4.778894087566672444e-01 2.022963864765061140e-02 -1.529292019623909767e-02 -3.472361319133528829e-02 2.630335089909905180e-02
8.116722349950213078e-02 2.416530461250392461e-02 5.496830918863871568e-02 8.911313338152984653e-02 6.600410867258631187e-02 9.895648978459894995e-02 3.116491466232860705e-02 2.661264896891894494e-01 1.409876936912546619e-01 1.953683111180789245e-01 1.439501089732745098e-01 1.382353940994619224e-01 2.234967673455149489e-02 -4.410183131313114013e-02 8.926996495505092055e-02
5.693811937036428322e-02 -7.594064114693459787e-03 6.180829610704005606e-02 9.594070537882491700e-02 4.467146204127535325e-02 9.712601579388022155e-02 3.055159254158145571e-02 1.245244345045416895e-01 6.712079433504448966e-02 7.958618001035365486e-02 1.713402448433635483e-01 -6.183596201973474982e-02 2.173364398107985665e-02 -2.846641754028840510e-02 1.710103059740987821e-02
6.254226688103060872e-02 4.601438885301468995e-02 4.367441445183309345e-02 4.975610984431348693e-02 -2.837793271889734598e-02 6.018896712608578364e-02 6.566148391983224475e-02 -1.731218844914044971e-02 7.005360173155207593e-02 4.530284542393345909e-02 1.007907528267513314e-01 -4.221706735582218817e-02 -6.353500375803559051e-03 1.817658268484646789e-02 4.706331681453254645e-02
1.067217279187250151e-01 -7.996536951497483503e-02 6.006378649907632289e-02 3.328099425599811284e-02 4.847187695262493434e-02 3.249049435988473483e-02 -1.696731576347553297e-02 7.833685440859682048e-02 3.707568063269633257e-02 -2.461012283613851770e-02 2.136555805766637492e-02 -2.869888783762752742e-03 -5.993578198969071874e-02 -6.080724517726716905e-02 4.992875190139214187e-02
9.788492768734365079e-02 8.931045748634947046e-02 -1.076843836009109233e-02 8.039093911476045962e-02 -3.893433427804408181e-02 -3.453724227372081956e-02 -1.482205370539965185e-02 3.270819266643696516e-02 7.322891113503299243e-02 1.547435170069554403e-02 6.231781609869875560e-02 5.912297091777064112e-02 -1.980448959994920641e-02 -1.588873471609695762e-02 4.437920201883146371e-02
4.570468187544300676e-02 -2.400459016632960213e-02 6.789384976992622091e-03 -2.409067369059452943e-02 3.440338141855266152e-02 -1.646110614088762067e-02 -1.739572392762388925e-02 2.818581503930300824e-02 3.559907212183113095e-02 1.152156772315394680e-03 3.893077950695808531e-02 -1.703725095068138115e-02 1.768319223350494490e-02 -4.222178272470641924e-02 4.044117950899919767e-02
4.126022118906470804e-02 -3.510886292359045868e-02 1.699319523321209460e-02 -2.108744536601598121e-02 -6.310052483501835119e-02 7.429631369972193589e-02 2.393038907971927268e-02 -8.822509455564603309e-02 3.455000868190326313e-02 -3.828763199804534334e-02 2.563302402832075624e-02 -7.978594383207200658e-02 3.084391494547188486e-02 2.679633485353365499e-02 5.337279447155533416e-03
6.527038801789468783e-03 7.591342272581100281e-02 3.318917512936449959e-02 -1.423874197851970804e-03 -6.059699816655218091e-02 1.533728898466024714e-03 9.417135678423793621e-02 -3.403195083507073310e-02 -7.501187439686016201e-02 1.641203332669338016e-02 5.680082595528822970e-02 -5.717357238780204631e-02 -2.364262612180880949e-02 -1.011176989895111802e-02 -1.757604759747947304e-02
2.862258855836378318e-02 2.237308211845298253e-02 -4.726234805805851029e-03 2.598327114298084467e-02 -3.025260580539875389e-03 3.764218451695173356e-02 -6.731486816286670616e-02 -2.765290472431950614e-02 -5.243582276473066767e-02 -4.543689993095212376e-02 3.338405327097408032e-02 -2.737632524473016058e-03 -2.557324214526775913e-02 -5.886732636010161279e-02 1.602193954153943029e-02
7.021210154067847320e-02 -2.484634532868405538e-03 -3.601557719249004474e-02 -4.915608357425279434e-02 3.563770782175599422e-02 8.103291388867221723e-03 -2.619542502690823046e-02 5.317108645815686596e-02 -3.871974645311045821e-02 -7.203711814817835568e-02 8.118168768514361089e-02 4.819890134036623058e-02 -2.723406685314701259e-02 5.230253926959785998e-02 -9.696803771847572334e-03
-7.399253075777921214e-04 -5.172099191574506399e-02 8.550414562945712893e-02 6.171364843152841312e-03 -2.342725887601445137e-02 -2.272093075911064616e-02 3.324157854599267114e-03 -1.638850704005302000e-02 -1.349673497423419660e-02 -1.449325386443614007e-02 6.308942198209975538e-02 1.451930691481781617e-02 -2.498984763615324720e-02 5.951597397616752161e-02 4.232421809675779995e-02
4.111576965400855904e-02 -4.152257934188032830e-03 -1.177659016558595985e-02 -3.564836002807787729e-02 -9.880456208838936383e-02 5.059252390446885433e-02 2.631386598549136351e-03 3.445015502446423933e-02 -4.211572576423974062e-02 8.454811153640172383e-02 1.987399291382096339e-02 -1.544897837223416920e-02 -3.679053427064861437e-02 -1.031753596246663511e-02 -7.806960137132882248e-03
-7.671689552405988599e-02 -6.539118049494732632e-02 -1.469057088743636573e-02 2.310361754624177394e-02 -3.498924670100660855e-02 -3.661367003185755920e-02 -3.502469137679720124e-02 -2.877540802258325009e-02 4.515130441619329138e-02 1.205935364892715168e-02 -2.463279135396760286e-02 5.457441591928187397e-02 -3.949951250917418943e-02 7.549962553647668329e-02 3.648983493472760659e-02
-9.047489187033080915e-02 -1.584366526483000151e-02 -2.791592894652793200e-02 3.483994827802296829e-02 -2.638112779850024583e-02 -8.725386884220850958e-02 9.786110712380498289e-02 -3.693023465969347274e-02 -5.476988317728927885e-02 -5.716664357070959379e-02 8.275584439536221026e-02 -2.812477543426646423e-02 2.404397675517682548e-02 -3.933970271757417092e-02 -8.580513531337394251e-02
