-3.562022743171692346e-02 1.106777125793872579e-01 -2.080063172864691362e-02 1.729560334120051543e-02 2.619467962574639416e-02 -6.653755788951367690e-03 1.904089799334027569e-02 -5.379553130205134287e-02 1.856423856801340654e-03 -2.766593380070856215e-02 -1.004368638393442377e-02 -9.560884415269074732e-02 7.156507053663036140e-03 -2.487229883861820715e-02 -4.967692735818571986e-03
1.241078351090929149e-01 2.447268899468061504e-02 -3.554349640226344559e-02 -1.589800951381943606e-02 5.241959074881438752e-02 4.245975646874754900e-02 -2.881106824688478216e-02 3.090227959987738512e-02 5.564920661023947494e-03 2.559873891906658955e-02 1.029884999247657022e-02 -3.274218726867375584e-02 -3.171000002376071769e-02 -3.232497728023723399e-02 -8.799557515597817431e-03
-1.625388218872972704e-02 1.318458431568749790e-02 6.893273830768302524e-02 -1.525363890813302703e-02 6.817108434416398362e-03 4.201223326079240455e-02 4.485670280126015375e-02 -2.930328127469237695e-02 6.002338041365461174e-02 2.740186300503063112e-04 -3.821125304288523761e-02 1.374783119206447746e-01 5.295111312491123517e-02 1.275601922431279789e-02 4.056592065158678290e-03
-4.205843517247407487e-02 4.297523439959182595e-02 3.916144811320981106e-02 -2.234171723778246785e-02 1.695642077383601592e-02 6.944289262377552341e-02 6.210829253060272392e-02 6.213510367423340924e-02 -2.567926538055839009e-02 -1.649707626219399162e-02 3.357491631149776834e-02 -2.901453785322220466e-02 3.994394021081517504e-02 -1.797819804474333483e-02 -2.793459410030070967e-03
2.574909196218035795e-02 -4.315936647882701732e-02 3.158579655440219014e-02 4.581826110254284129e-02 -1.735272075170668461e-03 -4.316999032751778209e-02 2.344116660432099195e-02 -7.138074969794725756e-03 -3.865124323462210826e-02 -3.328012435218978028e-03 -2.843080137754110809e-02 8.349105665899329842e-02 -3.935952304455492962e-02 6.208315986950296850e-02 7.787704032757628014e-02
-1.525185932895317849e-02 2.819370602936672673e-02 -6.769963744231795484e-03 2.430840304799339671e-02 -5.817388892117894561e-02 5.007076283691169055e-02 1.815578091090189888e-02 -1.333467713471962225e-02 6.212984343955193361e-02 -8.041779252994103733e-02 -5.547167551580727040e-04 -4.375239365576879397e-02 -2.988053513120676394e-02 -2.157924912029946657e-02 -7.016927944312642551e-02
4.096226886056464345e-02 -3.148272528057648179e-02 -3.258332866505756625e-02 2.816993408239376498e-04 1.413430682714086062e-01 3.121414392509441749e-02 -3.188726317432736407e-02 1.933612655538266209e-02 -1.373487889385243896e-02 6.486757399089258802e-02 4.566713469254012059e-02 1.695166189307516225e-02 4.195531214117216579e-02 -1.087249320994239854e-03 6.017670424254246281e-02
1.802886615098930889e-02 3.425441179395359581e-02 -2.130513911563922461e-02 3.290137092580099672e-03 -8.199150148241195202e-02 1.043997333805551583e-02 -1.191913352611779185e-02 -8.925815516174349928e-03 -6.023407103755579889e-02 -3.672822795211912184e-02 -2.771048688219720276e-03 -1.721892805986381322e-02 7.531114758880680382e-02 2.397153062612992699e-02 -2.011955427020903006e-02
-4.332486106124520606e-03 4.393128958462875350e-02 3.766344004414996782e-02 2.961341343566446793e-02 3.368995748776553410e-03 -1.344127686478119310e-02 3.389901881346548546e-02 2.039581971152562914e-02 6.967062140935334491e-02 -2.757001790034392316e-02 -5.145639398564778866e-02 2.608801857992638223e-02 1.269765459847258492e-02 3.924303172817629470e-02 5.418875593378101596e-02
1.680446827338244117e-02 -3.357775645182725730e-03 5.321579932575253025e-02 2.878041581653860426e-02 3.504846596615685071e-03 6.910261667637079830e-02 -8.773697250434354250e-03 5.623310719802915476e-03 4.047789750707310452e-02 -5.490473644309486895e-02 7.568332447689905818e-02 -4.350367379647341465e-02 -2.480970686360255487e-02 7.770868189690431638e-02 1.226176896028308844e-02
-1.688586403475660080e-02 1.140573057922702506e-02 -1.229752114687449743e-01 -5.668300420169854886e-03 -3.886594702364732506e-02 -1.369363560581968696e-02 2.366223451814155471e-02 2.403767198701756494e-02 -2.659489327188789901e-02 -6.027329813070911313e-02 -4.611154003217187596e-04 -4.653312146318869941e-02 3.867813794040804790e-03 -4.726274461619867778e-02 9.427155935484782950e-03
-6.461308329750919954e-02 2.440208666000474522e-02 8.310404120196469846e-02 2.856623225674181921e-02 -1.148411114075865991e-01 -3.317049741237351052e-02 -8.424922754471868280e-02 -5.725021094263885862e-02 8.264105015501344020e-02 9.307648191611343769e-02 -7.654647564275224303e-02 -3.030120104262798084e-02 5.267112149495112305e-02 1.657707545991248671e-02 6.022458397992487555e-02
-9.982224536687784103e-03 -1.721703846022261050e-02 1.240461350647236762e-02 -5.852527496783403727e-02 7.855737245417455245e-03 -9.228312253966446110e-02 -5.186938728572245555e-02 5.293360749864226694e-02 -8.530397238584902508e-02 -3.606001681738101039e-02 9.552361275764576637e-03 1.310855317258171303e-02 -6.165201966821211993e-02 -1.048379589001736251e-01 6.531226684341451261e-02
2.328409268592302253e-02 -5.891925605033913058e-04 4.915469765605930130e-02 -4.119855009882321395e-02 -3.648999817444442684e-02 8.863981965838610422e-02 2.779673066525681704e-02 2.865669582459119333e-02 -3.339897024227331951e-02 1.791601381940167992e-02 2.558323294882009977e-02 -4.606993961415432187e-02 -3.622855620209122773e-02 7.727642900384437685e-02 -9.162245959060516531e-02
5.110709730466604650e-02 -2.780792715955796371e-02 -5.433976860550635696e-02 2.963723965370634178e-02 2.297441847188015380e-03 -1.871729035717422523e-02 4.231659272171169051e-02 7.149734269908684416e-03 -3.357400564367769846e-02 7.155420335816282777e-03 -5.460672826608986737e-03 1.009557293241686825e-02 5.732739143772323798e-02 4.522810912894559970e-02 3.191013310629335631e-02
2.697630665166123390e-02 1.135543028030832832e-02 7.996460656308020110e-02 -3.682865020956482827e-02 5.708609822227053016e-02 -3.263143660526200696e-02 -4.420876390808080314e-02 5.795462533283963352e-02 -5.929735282113031934e-03 7.369821438435165267e-03 1.030873153837575176e-02 -7.345939230207026993e-02 7.975163737820265344e-03 -2.554269740308822909e-02 -5.896207669677226704e-02
-1.108497194102337456e-02 -5.398171593816198516e-02 -2.567965770996064913e-03 -6.953859179797644563e-02 -1.760177238407364605e-02 -3.168638556947305646e-02 -4.441634166146511686e-02 2.288313913944022612e-03 6.838055179512339543e-02 3.589103485082698747e-02 2.144985264239187076e-02 1.440633485386222032e-02 2.039218499715269098e-02 -9.230545575525907209e-02 -7.857124889377835320e-02
-2.095062080249416800e-02 -5.839101206719185533e-02 -1.935922510817376582e-02 1.644317080037830271e-03 4.278503606511468299e-02 -1.120795381561003528e-04 -1.109470058020649123e-02 -3.110705633082149271e-02 -3.557289289379565733e-02 -1.360628409583826068e-02 1.158594991692905168e-02 3.634059663837412718e-02 4.169100946098101834e-02 5.069792474885999496e-03 -6.795133020825938272e-03
-1.759774872059223852e-02 -6.187385345755294641e-02 -8.199241342295943147e-02 -1.275370788697398339e-01 1.730964233090266299e-02 -9.599225628944647523e-03 -4.384667401652149465e-02 1.649195755792189771e-02 7.123522060604561834e-02 -7.264919767799549177e-02 4.739160707924354454e-02 -1.864355786881743623e-02 1.050013014095227577e-02 5.455364592898636483e-02 -6.431327000931350013e-02
-5.010014271879027759e-02 -9.555223290988991425e-02 -1.835089966832211547e-03 6.073661370370014162e-02 2.783210283503308527e-02 -8.769882270458599638e-02 2.606081690748989280e-02 1.836457442495325817e-02 -2.790038482392464408e-02 -3.254737410676972892e-02 -8.257493954174062109e-03 2.329029213248651892e-02 -4.845132309341589755e-02 5.513559682287531849e-02 -1.120491882944825955e-02
-3.424842573934676337e-02 -2.492700938017682402e-02 -3.224593355071596334e-02 -1.033678638461658049e-02 5.702688822670529123e-02 3.247225922317015928e-02 -3.024828343176850457e-03 -7.155911804190979997e-02 2.680527774258587709e-02 5.920354473401233386e-02 -3.738768080857086951e-02 9.991120488402279592e-03 -6.426933350390336142e-02 -2.628868146158967745e-02 1.563521170649728384e-02
-4.115861177842070756e-02 1.057089292652808009e-03 -3.771690894277508754e-02 7.793185487534455514e-04 -1.089881336881631940e-01 -1.221076532926200081e-01 -2.327202731181010620e-02 5.029634933327870733e-02 -2.978770606312356253e-02 9.091570929785831867e-02 3.819665859496457205e-02 3.211868806325737097e-02 1.415742212425932615e-02 -6.076712418129114751e-02 -2.821168052244088162e-02
3.239512718184384132e-02 1.768882132446321712e-02 3.500893943300599498e-02 1.472316818184862992e-02 1.954191104776064475e-02 -1.001697147820764314e-02 -1.358035921359912468e-02 -1.230319493057502878e-01 -1.465923517890914754e-02 3.951237027290926268e-02 -1.389308199681355514e-02 1.999532578281107767e-02 -5.127518281640771475e-02 3.975957802879117806e-03 1.283303030408557317e-02
2.512619631575929800e-03 -1.704702566497722296e-02 6.159939884876767906e-03 3.583583058409337690e-02 3.794897021969401152e-02 5.479323185357172499e-02 2.915303918009836889e-02 -6.440753369619697799e-02 -3.249268810980237426e-02 -2.628086522753421417e-02 1.436563415567993635e-02 -1.250378937879261833e-02 -3.554268243801908533e-02 -3.178771911582631976e-02 -1.306960259111981416e-02
1.821080998573981063e-02 7.178808916886829372e-02 -2.632098409811427925e-02 8.181594522223430144e-02 -6.160091308302362290e-02 2.433445384865581124e-02 5.046219841647555521e-02 6.328707811083061907e-02 -2.527124514428140054e-02 4.674810517446557206e-02 -7.018383276295524220e-02 6.599603333951212236e-02 -1.541904912054739389e-02 1.305532407096370376e-02 5.569669012404433739e-02
5.711296154237260198e-02 2.119965684911587905e-02 3.462410738712338315e-02 4.193923310724096548e-02 1.264208509221661711e-02 -9.915159831920707448e-03 -1.540342760547009152e-02 3.856756438815981541e-02 -2.149397815003095680e-02 7.625196233965131354e-02 -4.022746241809670165e-02 8.419393972894147898e-03 1.204798006554469968e-02 -6.957192803853959329e-02 3.125052267823003743e-02
-3.623557680976461498e-02 2.696429216630007869e-02 -6.135632426218452090e-02 -1.788085645248478281e-02 6.837286575156712766e-03 -9.926233564937492204e-03 -3.897748837077968237e-02 -2.957781336103431497e-02 7.319620425281999493e-03 -1.839711658853168327e-02 1.882752370151848445e-02 -5.995508656088331667e-02 4.412920910782035244e-02 9.049303032259462323e-03 3.542065211346359741e-03
-1.897785501029869426e-03 3.668548212044282775e-02 2.366223091030022346e-02 -2.353330955752452880e-02 6.623164676284153639e-03 2.920065884264498243e-02 5.673711257802217106e-02 -7.830753141295122496e-03 -4.673827153903727799e-02 -5.024945846873696970e-02 -2.489338008376640668e-02 -8.067194137209884874e-02 -3.434770517008760987e-02 2.823028399602825651e-03 -3.826819692622670382e-02
-8.720602897475152396e-03 6.424537685119272035e-02 -2.542772418455956779e-02 1.570630192048765028e-02 6.882017617714542013e-02 6.440676889316845205e-03 -3.238198276165342188e-03 -3.363981718769730456e-02 -2.465549548521085016e-02 7.058773668190577999e-02 1.720586487966540082e-02 -1.671600155187172657e-02 8.999180802802746008e-04 -3.521448094101718024e-02 1.260595274934225678e-02
4.361253126813732089e-02 3.485127323115880921e-04 4.143126539434090205e-02 -2.311221808182343379e-02 1.262035355711243340e-02 -8.061767685743290168e-02 -1.907523309015722243e-02 -4.823111273988231126e-03 -4.146062890682263025e-02 2.204772318955217027e-04 -2.933115386569224922e-02 -3.592907939201133577e-02 -5.392635437320827951e-02 -6.201401494144554577e-02 -2.168128887173379274e-02
-1.391152261438975170e-03 -1.220359503361777634e-02 -2.844002603278311843e-03 3.852742679177491303e-02 1.249950504967383413e-01 1.675041361909500662e-02 -1.416174812623474145e-02 6.036173435273013005e-02 2.753538762546929933e-02 -2.002547293349705299e-02 2.234719128629215901e-02 -5.731833600804225881e-02 1.589834330920010183e-02 6.848559998036847507e-02 -3.761356345213416608e-02
-2.391101218322457325e-02 9.621537978173408043e-03 -7.922932249926818715e-02 4.362125342295399694e-02 3.805168141359718120e-02 1.180425683310638678e-02 -2.096631880203268100e-02 1.697930590569306925e-02 1.744556456273209030e-02 -6.040304869394657467e-02 -4.672017366317789133e-02 2.724332413749145504e-02 1.043645492259579199e-01 -1.069154468968907049e-02 -4.838670120185017964e-03
5.875031500619703854e-03 6.976328904009151954e-02 -6.548507477173569347e-02 2.238789002623401553e-02 -8.324378695834010536e-03 -3.125097839143462647e-02 7.214495433858449103e-02 2.235383582244006555e-03 5.590905888229436363e-03 6.351134361337475165e-02 -3.723805457600207463e-03 9.849871179621655370e-02 6.957874083903632656e-02 7.179018385199284480e-02 6.002723602281510168e-02
-3.656906369135174556e-02 1.118775946916219372e-02 -4.494015216401416740e-02 1.064691735725384857e-02 4.738632069602091018e-02 -2.250010520224855759e-02 4.927716189008762154e-02 2.974361399762210853e-02 9.890244846018751701e-02 5.689294105014131714e-02 3.602161143606810723e-02 8.670384261849581331e-02 7.639355631115041234e-02 -2.516838002980387526e-02 3.140276758000916379e-02
1.014477054634201764e-01 6.520895103077886668e-02 -1.783876729754796039e-02 1.032880280466353107e-01 -4.592876915083199396e-02 -2.942069653849152186e-02 1.027821521723743664e-01 2.007474276853468340e-02 -5.256525255920138119e-03 6.551752406907057624e-02 2.932945534902291901e-02 -2.080486820480471205e-02 8.286969581572055377e-02 -2.559620695132089341e-03 4.422793087238628684e-02
-2.039266386276003887e-02 4.741122304761399842e-02 -1.940967126044342711e-02 -5.383882058907533269e-02 2.498706579310659009e-02 -1.206712711644443090e-02 -5.964943677827812653e-04 1.285409768019904996e-02 -2.487936743100892245e-02 2.293875522692710722e-02 3.646478050519764980e-02 3.169957170996783036e-02 -1.775927121257677571e-02 5.157077263470686429e-02 3.475442740343721165e-02
-2.151076182139913598e-02 1.756806872477148229e-01 1.147814387527440610e-01 2.278056589992762202e-03 8.340076247051048108e-02 3.548890138269221450e-02 -5.405480084292981630e-02 5.620742526363657274e-03 7.535941793574026104e-02 5.409857136353645596e-02 4.791971070161293866e-02 5.858734659371607478e-02 4.753645808281369706e-02 -5.199728670263668168e-02 1.064394020360601573e-01
1.449700997569123850e-01 4.724070873353407307e-02 1.132814263399483240e-01 6.570488121057829756e-02 1.338507289482685769e-01 9.915630605894161509e-02 9.198704368277450805e-02 6.836016994002754033e-02 2.330691658371873351e-02 6.732906120731708965e-02 -3.294764184219427239e-02 -1.189176144793761304e-03 6.471461345175726076e-02 -3.398128245844260140e-03 3.555931824773454070e-02
2.016872823812896343e-01 6.118855465935006677e-02 1.320254863421850000e-01 2.556652402271498287e-02 1.359351567624940693e-01 1.419504858277923776e-01 5.031032945846911769e-02 7.238191814385623590e-02 5.233040146773964424e-02 9.437552421738977168e-03 1.377210097933858068e-01 1.269660232615932582e-01 1.846918992931524672e-02 -1.833080712763559758e-02 2.235924853155973197e-02
3.658602910729659430e-02 7.128782885110031275e-02 2.398277509058849288e-01 5.517157250074237324e-02 1.007729752628247488e-01 2.352154420257502460e-02 7.894576097549643734e-02 1.995432649176145934e-01 -5.330511909797310682e-02 3.371429273711486208e-02 6.886595156969713138e-02 5.378133039294807211e-02 -1.020420610089580425e-02 2.022642405480702330e-02 7.369723781882246694e-02
-1.749706244901481434e-03 8.168050066061317838e-02 1.965239930982799199e-01 2.164281038172544830e-02 1.453881079170082080e-01 -1.103291076311779979e-02 -6.835340657674715114e-04 2.298452251857853734e-01 9.772305038315003134e-02 -9.330350288573525594e-03 1.340605738912168943e-01 -1.973846587521462664e-02 9.227235307407611817e-03 7.542448632441627054e-02 9.123627903243575199e-02
5.111497704774687484e-02 6.959041967593019608e-03 1.238213650534044502e-01 3.638779617453166693e-02 2.179692333546577043e-01 9.599813915654469010e-02 1.284894880749295476e-01 2.729053267602067900e-01 -6.323591428495529965e-02 9.119464408549587953e-02 8.489382863370741050e-02 2.250704111574920036e-02 2.584585409961106389e-02 2.178330676907586430e-02 5.056978073388576633e-02
-3.076295295889093853e-02 7.446668290407880419e-02 8.993011411113886744e-02 1.602628654395055890e-02 6.717705619825772856e-02 1.438621664742116835e-01 2.213342383702666949e-01 1.366757868411679899e-01 6.845080934709396603e-02 4.624888741820383509e-02 8.940858670838618474e-03 5.536438142508554733e-02 3.507955866071862938e-02 6.646696331737315944e-02 3.384471619297561157e-02
9.590454967406709941e-02 9.719785294566017642e-02 -3.527327254250785943e-02 7.929482519614654279e-02 6.722627304866159170e-02 4.504094551505719718e-02 2.247075858860575204e-01 1.225133500357644678e-01 3.978045287682315662e-02 9.297863841210961267e-02 9.234379510051020368e-02 4.009438563597877980e-02 -3.666158764582184287e-02 2.233283741458344795e-01 1.104881639267508292e-02
4.213526244671575438e-02 5.181922972787900150e-02 5.433456464331774122e-02 1.318444072449510562e-01 1.120490440122228100e-02 9.002968608367563352e-02 1.719867494935237162e-01 4.691093137297380061e-02 3.612797428811401895e-02 -6.925706536723327811e-02 6.940449581593916006e-02 -5.246572347253583568e-02 -2.524050145448109364e-02 -2.239326305660203908e-02 5.118449878152762228e-02
9.027775312458946599e-02 8.702182123863487495e-02 5.967390636059785591e-02 -1.910290284362763102e-02 2.662622055195053641e-02 8.738657841885545674e-02 1.484919804014245837e-01 -3.316496595164108302e-02 9.015365493377205941e-02 5.227306686401191060e-02 -3.182624353588109356e-02 1.640279387577927850e-01 4.725364109775224974e-02 3.087764365374960976e-02 4.262917569374835569e-02
-7.136966150399524922e-02 3.827594975588881343e-02 7.179596888351665041e-02 -1.665476903614666881e-02 8.884008433256561366e-02 9.719708747339371457e-02 6.733593164392752406e-02 7.147461464154743205e-02 -4.322977703638967301e-02 4.780988779444119569e-02 9.245547406651624667e-02 5.174997339020356857e-02 3.931019657082839708e-02 4.775728690432221729e-02 5.750611505040403859e-02
6.099769357503479622e-02 7.441564270557702448e-03 1.395374029289691287e-01 5.502568611141867017e-02 6.591126040052015800e-02 3.995502224546753495e-02 1.700113055345536806e-02 1.676567600194601715e-01 5.674628693717522626e-02 1.997031156261348805e-01 -2.627326943288067068e-02 1.012225110535410963e-02 9.896099004392014745e-03 7.754047656825430179e-02 -1.927758698148363328e-02
1.412334602950498195e-02 3.084812114393162621e-02 8.750717190643003685e-02 2.175355041919882840e-02 1.091340343281490544e-01 9.835425235774346298e-02 6.614282591265846500e-02 2.053554914665116360e-02 8.913989382875715795e-02 1.168297475289384602e-01 9.179780725557352972e-02 -1.438625943513806640e-02 -2.674795496950593474e-02 -1.184976992563758526e-02 7.280987995931656638e-03
3.880679903380876428e-02 2.963359592412072654e-02 3.816822209781476488e-02 2.337099126778308389e-01 5.361241125187799633e-02 1.623564862852189539e-01 7.595855671557096012e-02 1.600054894929960614e-01 1.353160222916552913e-01 5.574129603088875257e-02 6.217452313201163316e-02 4.331525944446825566e-02 -2.106707848903738300e-02 -2.583399000199219659e-03 3.577708764965115834e-02
-6.176207526169977952e-02 1.223694740158976779e-01 5.056495532327267423e-02 1.218577265023181866e-01 1.405132911818308128e-01 1.449600216629330363e-01 9.770118886775604194e-02 3.762689181056676907e-02 2.135591158224913952e-02 4.964821684322552608e-02 6.151355798152608606e-02 6.088372920708313291e-02 -2.148410509162701140e-02 -4.378973240573886400e-02 1.227062977112463038e-01
2.742971610259014453e-02 -1.335910548255099181e-02 7.119496563574978683e-03 6.420515249564208438e-02 2.244875598611597300e-01 1.175430350782907113e-01 7.094837800325866362e-02 6.816056081076458939e-02 -1.268692049748948534e-03 4.200144030259327782e-02 1.241347247086444922e-01 1.549200313946653279e-02 4.368406417327865693e-02 1.097081982266015915e-01 1.959818783526919364e-02
1.123607335520351025e-01 -3.138057490278824135e-02 1.010067627823861697e-01 2.138853674428707052e-01 1.478939239809488881e-01 7.114394671644592993e-02 3.598955514537844486e-02 2.297336067128182002e-02 9.238375450377366016e-02 7.581240671705799516e-02 1.996157659550694408e-01 8.517867505765092107e-02 1.139660914139616205e-01 -4.536500382027472758e-03 5.744089842165685245e-02
1.101113280002662953e-01 5.102675886377724956e-02 5.331229971136709767e-02 2.720374100295623321e-01 1.638631277660731744e-01 9.205592668932746636e-02 1.261873529820717876e-01 1.473043656612582630e-01 1.730407167580915451e-01 1.589429075223273979e-01 1.452019232200609522e-01 -1.723464096152609384e-02 9.122899314378536684e-02 7.601867624070533791e-02 5.415286261152898323e-02
-5.197483786883642584e-03 1.206147225856817606e-01 9.751020545009239648e-02 2.771641448324146939e-01 3.007615576053636608e-01 1.450802712420565799e-01 6.804733958632688817e-02 1.469155972462162785e-01 2.347192239730775398e-01 1.804295090654422506e-01 1.733084783138718887e-01 -8.549285336658174472e-02 6.347645156101364150e-02 1.808737608087774562e-01 1.534830151779796037e-01
-1.198188568606812880e-02 2.008902628292129622e-01 1.675424874814948339e-01 2.480717360572301244e-01 1.071047764755807541e-01 6.767221935945491595e-02 9.212509591278704446e-02 9.160599358194691788e-02 2.310037270548053745e-01 1.091646600947069473e-01 2.982567952993605553e-01 8.394295046228041068e-02 -6.057087237215352457e-03 3.355519150524555738e-01 -4.691147943341337882e-03
-1.425362967701008891e-02 5.727059758172705489e-02 1.293355459222401138e-01 2.290908582943431138e-01 1.450935059105211422e-01 1.123566016997735312e-01 7.967859196473972561e-02 1.774359225546216501e-01 2.190605520152243690e-01 1.465342077866285397e-01 8.068371623890396860e-02 1.036787415635566922e-01 2.150237732783444600e-01 2.358562275925849827e-01 1.394971920665355192e-01
1.380693704819089922e-02 6.128124495832891483e-02 5.709443499194229860e-02 1.555286478703539754e-01 6.049045511869066694e-02 9.355962189149825969e-02 6.577604961895204549e-02 1.854678454584376135e-01 1.253580744687181336e-01 1.320146894448457064e-01 1.029950682592530170e-01 7.850459740396525943e-02 1.259177321019922524e-01 2.331768337162348215e-01 2.650506051931491441e-02
2.640783248234563479e-02 6.629162444452846303e-02 1.424100626501435991e-02 8.722410810987711594e-02 1.384512734446618348e-02 9.353964550842876202e-02 -1.866009776400844727e-02 4.617561455835923062e-02 9.147788608850726533e-02 1.110063818330959684e-01 3.358922336935241809e-02 5.026099328488635443e-02 1.029791648074168536e-01 1.374318458296942824e-01 -2.712751205948854896e-02
1.619222082444880112e-02 5.546572824765877603e-03 1.670928101404243332e-02 2.776984941999360856e-02 1.407553745051176065e-02 1.078381245353831480e-01 -3.021291367229443983e-02 -4.093495627621288047e-02 -3.936664935022047944e-03 5.919152718765715443e-02 9.478853862145245057e-02 2.150053297330225405e-02 1.967284714049584785e-03 -2.567974259069487689e-02 -1.115123883736603844e-01
-3.175176892472825890e-02 6.091488295371735862e-02 -5.731214530800974455e-03 6.433828008773472343e-03 5.230611177464828537e-02 4.681063701663384577e-03 -5.846224969984846476e-02 -3.804896098251947696e-03 -3.872065413963268667e-03 5.616638298867931284e-02 6.830468133051362245e-02 9.872120405225765991e-03 4.678806682707951220e-02 3.433841426251334900e-02 4.365914165288789853e-03
4.613826603018803679e-02 1.139895348965888448e-02 -2.045308288559706880e-02 4.454643094994890917e-02 -1.337564917537501820e-02 5.250935525202097285e-04 3.998306557918238774e-02 1.898887242194059397e-02 -6.643424482363469684e-03 3.020876765676625691e-02 -3.547440434973316709e-02 -3.565160212136410378e-02 4.039663578023487689e-02 4.145291326229825352e-02 7.356322643306251186e-02
2.101535841807922883e-02 -5.395725288721781726e-02 -3.856790999512112184e-02 -1.238469591998564261e-02 -1.529534219281728337e-03 -4.478999881928564381e-02 -6.813781610374733400e-02 5.480816604085170241e-02 -4.649041992031792241e-03 6.757795657898620079e-02 -8.213137311006442733e-04 7.148685069923391144e-02 5.493759217001940170e-02 1.682840386820677256e-02 -2.698159227822500769e-02
6.627232351994903625e-02 -2.442276169715001943e-02 -4.806820880319288662e-03 -4.183914137578086806e-02 -8.091443394540298248e-03 4.667113312887030685e-02 4.684702187933141582e-02 2.330784687180681089e-02 -1.520445741484826967e-02 5.653584166964606764e-03 7.667869477628734554e-02 3.014527944600573980e-02 3.371753626442548779e-02 1.359430183038981034e-02 -3.470062283538097314e-02
-3.783326555988755086e-02 3.986692697059356083e-02 -8.768806113420955436e-03 -6.828239408084703886e-03 2.275498913894924511e-03 -3.151383865898711722e-02 -6.704858652872107134e-05 -5.693008136275807402e-02 -8.457591703764739954e-02 -2.096433558891382457e-02 -3.233378489551543000e-02 -1.549719131703463509e-02 -5.236727357710418626e-03 1.417401316223695223e-02 -7.744537904350014268e-02
1.017270892335312045e-02 -5.755141766460577374e-03 4.558254343450088980e-02 -6.264655435299053277e-02 1.708624818278022331e-02 1.558314040993605543e-01 4.209534496040538698e-02 -3.973002989721228367e-03 -7.562243690828295006e-02 -2.015505082405005116e-02 9.231510929873663895e-02 1.418328281476888188e-03 -9.963609916820555246e-02 -5.052875824789369863e-02 -6.307126902608761743e-03
1.001994726889486736e-01 2.054650150112572946e-02 -3.305978278586221841e-02 3.370443983994285408e-02 1.003012031216814724e-02 -6.530868541904553959e-02 -1.892324841215242779e-03 1.993504140518902179e-02 3.084138807055518058e-02 -6.649284493035424737e-02 -2.343547961794333057e-02 -4.115396228354843700e-02 -4.701097057487600706e-02 -2.292486004851346931e-02 -7.146395155546712841e-02
-7.205337056750317493e-02 -4.149195941101551516e-02 -4.359037172692046408e-02 3.171023138913576372e-02 -4.631105085248152231e-02 -2.989174596172905572e-03 -3.744010616814961393e-03 -8.400231622578199775e-02 -1.944614366329732238e-02 1.932571576712751801e-02 -7.680338606222851527e-02 -6.017152670365463751e-02 7.830074052818071506e-02 3.719468948834559613e-02 -1.364380713533133553e-02
-5.650851189588666779e-02 -5.413206051902375027e-02 -9.362764632486640648e-02 -1.515102772363968210e-02 -1.858761899868953014e-03 -1.841918191939610370e-03 -3.870959534943426567e-02 9.628115297105185530e-03 5.964925948803785800e-03 2.391170635912195225e-02 4.316579331185049079e-02 -5.665431178927195915e-02 -3.305706327249784138e-02 -5.911677926462351879e-03 -1.361340339248562348e-02
-4.323285094764185710e-02 -2.774367238862219393e-02 5.479281418650035554e-03 -2.745382471612735353e-02 -5.748059384843274416e-02 3.706834868157672658e-02 6.203349801671893815e-02 6.384031819633086136e-02 -1.579145659843021049e-02 2.670524860386095517e-02 -2.500657613401811169e-02 -4.213748920384020880e-02 -2.936622576066789947e-02 4.930265995349070174e-03 -2.045859091759323969e-02
4.695254013668436616e-02 -1.769066747098640632e-02 4.203154862047150941e-02 3.084989947456399581e-02 3.613737315574409165e-02 -3.261594384572760047e-02 3.223960549607242376e-02 1.466202290225669842e-02 -7.140338972473167511e-02 3.978841005996309327e-02 4.116387302322048469e-02 3.240793302993018321e-02 1.317976507924784914e-02 -1.704366995051471989e-02 -1.705231100043379244e-02
-1.116452268565052905e-02 -1.601025573072332314e-02 -1.805810883364139877e-02 3.955789444350767819e-02 8.502129886015336035e-02 -2.832283221278793575e-02 8.770744136101451746e-03 -2.290593455625357031e-02 1.093667924295300270e-02 -1.338867375936095457e-02 6.769951637510655817e-02 -8.232141990836492826e-03 -1.703053827158115471e-02 -3.942066429606939926e-02 -2.023044636375547628e-02
5.794810951854820896e-02 4.896614710038244694e-02 -1.991111288813291608e-02 9.895521979967422319e-03 6.014406491335260591e-02 -3.437115203787289436e-02 -5.898442091184005059e-02 1.550212945509256597e-02 1.281382855882192209e-02 -9.071153599375196541e-05 -5.045389091861993136e-02 -2.687194283589001975e-02 1.772214166712069577e-02 -4.741626279262090710e-02 4.897282635302838139e-02
7.319168450283557170e-02 -1.080448331280775554e-02 6.315609651263387470e-02 -2.767622603662285921e-02 8.339220709006102406e-02 -3.547176846287566215e-02 -1.207407429755601863e-01 -4.699735016296787554e-02 7.296660749404941526e-02 4.043152680236158231e-02 3.280969572167388715e-02 -5.602674593777223766e-02 3.612208057580342663e-02 -3.123026056291862418e-02 -7.096493456437754505e-03
7.157527813500076663e-02 3.604588559390461185e-03 2.872872461460632826e-02 3.828051692988893723e-02 2.408920440873908719e-02 -6.925336831904155277e-02 -3.450305697172929842e-02 1.850098267585763290e-02 -1.412965735658112953e-01 -1.905015458275816087e-03 -7.079264099873036620e-02 -1.326540615414454651e-02 6.235477609030133650e-02 -3.012753641029264351e-03 -1.020491292237115100e-01
-4.055967484255748601e-02 4.211906967745843861e-02 5.409617095655219754e-02 2.291156266929398819e-02 8.981574189534661384e-03 -1.796986742804908277e-02 -2.086838327383254421e-02 -4.943296392418136675e-02 -2.545623813040960928e-02 3.822228807070641218e-03 -1.283578302643260775e-02 -8.051198990883232098e-02 -3.355390303680089864e-02 -2.843588197194560699e-02 3.037319916738072043e-02
-1.356847213674216429e-02 -2.813829261741913543e-02 -5.716767486779798096e-02 9.447970496577435401e-03 -7.354692761839161548e-03 -4.431468502991646463e-02 3.672783888349883449e-03 -2.963507652170926845e-03 -7.537744464448412063e-02 5.379421711039958365e-02 6.202482978233290860e-03 -4.303190818441562926e-02 -3.395702836070269015e-02 5.450718285651318801e-02 3.941427416444557436e-02
9.786416606568654197e-02 -5.952316891090605327e-02 -5.540489405767383413e-02 9.772819209593278100e-02 6.879672147644655053e-03 -5.458452086545195064e-02 2.084480638414931697e-03 -5.332260204692189365e-02 1.849068378672460641e-02 5.068550445831687679e-02 5.814286625630551292e-02 -4.153090690733084178e-02 8.316842278978504865e-02 -3.331629912784092595e-02 -3.305729855537273970e-02
-8.660178472315489817e-02 -1.029729972421603940e-04 7.015383895740965811e-03 -4.020074915647020575e-02 1.733257245419001641e-02 5.249222262674084483e-02 -5.437133192354370870e-02 -3.128253118981479813e-02 7.884841403396712634e-02 -5.339354058385058222e-02 9.823968968937624169e-02 -5.825314795758473885e-02 2.766536415405103366e-02 -8.823848601746224485e-02 1.055802550104245341e-01
2.404283539164352515e-02 6.064547275606822080e-02 3.472786966657566421e-02 7.932591643454840746e-03 2.669658564337861612e-02 -8.014131795876860975e-02 -5.022748385355959438e-02 -1.339923778963648948e-01 2.330695391499587599e-02 -4.471572751933949180e-02 -1.413235274267121006e-02 7.173800276510004792e-02 7.041552989441404731e-02 4.408457481996305022e-02 2.040605536906668280e-02
-3.339869191646086671e-02 -7.162522646363249368e-02 5.152520725290039849e-02 4.446702732738836913e-03 -3.061624981955071365e-02 -1.792935341391179577e-02 7.716824722783013901e-02 -2.988233784891810088e-02 -3.838740588472944887e-02 -5.545126162179962043e-02 2.494004404250389426e-02 -5.150249530245651353e-02 -5.595719446606121222e-02 -3.684174199292753610e-02 -3.096986839885849940e-02
7.687176910132979823e-02 4.146707979313459663e-02 1.449671827954622343e-02 -2.217375854138776969e-02 6.586960643098205281e-02 -5.477428815995556699e-02 -1.255498495681451332e-01 2.988557269678989228e-02 -2.690437716117466491e-03 -1.249299633877798063e-02 -4.472813726466052381e-02 2.201020822535340940e-02 3.713766336177406341e-02 -3.308480006001895263e-02 -1.177285731185815781e-01
1.335881746693115546e-01 9.486262910933813269e-03 7.443811156770572916e-03 8.726996685943953780e-02 -1.150087117997357529e-02 -9.235281247443991037e-02 5.511945497716043418e-02 5.377853877421003709e-02 -5.489930863433329505e-02 -2.812677119961157560e-02 -9.114841798288499108e-02 4.368453265562027149e-02 -7.030731361005479463e-02 5.884914855147840330e-03 -9.257724124106421482e-02
-1.599539075103018071e-02 -2.505824916711685280e-02 2.168065345072376846e-02 -1.555680349164369376e-02 6.205177915792436244e-02 -1.363533093321751127e-02 1.454676648382250727e-02 7.141033702518792547e-02 3.179379428762274529e-02 8.087348026557313052e-03 6.201788904426890070e-02 1.155968449161248919e-02 -1.131341409315001351e-01 1.149635396249294034e-02 3.788874296904577721e-02
1.863240391787367861e-02 -1.213472979838494184e-02 -4.516169020028588249e-02 1.705703900143777998e-02 -5.298970288481209129e-02 -2.979189096415224471e-03 -3.850875704555611206e-02 -2.364123404281682703e-02 5.273293501699950064e-02 -6.114711548073669886e-03 3.281165682518585001e-03 3.146935172690696475e-02 -7.102381112286076936e-02 -2.424194640138189333e-02 5.837833840801810031e-02
-1.095697306159971046e-01 5.946105030786109913e-02 -1.799392929047726603e-02 -1.528141375671035647e-02 1.878977772171935498e-02 3.331716060282104586e-03 4.612419219368576236e-04 -7.096038028302918688e-02 -7.422707778607630369e-02 2.429448775327574389e-02 -1.288059827887592414e-02 3.336395840190890111e-02 2.129627450853101289e-02 -2.717492108987418567e-02 -4.399289295312595188e-02
8.806997825419049519e-02 -5.052461044789762629e-02 -2.295926674797804309e-02 2.748874266304321065e-02 3.337343837297866711e-02 5.145189304107316425e-02 1.691398804732704639e-02 6.914404891740773274e-02 -7.854027320997343520e-02 -8.081354865166549828e-02 1.354967748152270841e-02 1.865285466637839340e-02 -8.944176445067349157e-03 -9.497174179608085286e-04 2.927709349658175891e-02
4.736399360418211413e-02 -4.621617724820551582e-02 1.079053787618623056e-01 -5.958416885756662867e-02 2.114112612633184743e-02 6.831717785547976318e-02 -7.610070436731583565e-02 5.376414453568083285e-02 -1.937284640345267317e-02 1.417022890857131887e-02 -4.441856652786900506e-02 -3.990295552559301739e-02 3.083587127176450754e-02 -4.883421584736371418e-02 -4.413064828615263085e-02
4.731757259115297598e-02 8.416076889728998922e-02 -4.181089573985026508e-02 2.356951807744061753e-02 -3.530828941571381718e-02 -4.290809149141192047e-02 -2.321510378123004675e-02 -2.133343628856062407e-02 -6.682921312377866629e-02 -1.900062323832620113e-03 -6.125517957087494442e-02 -1.622646139746519375e-02 1.232456360302370407e-01 1.079098298541291030e-02 -1.647401848531122523e-02
-5.245414205231471033e-02 -4.301107594039891430e-02 2.971012245992948886e-02 1.531696928797422926e-02 -1.310111595038398850e-02 -4.229053115086358478e-02 -1.185207036093299457e-02 -8.775737453228497518e-04 -7.247255862433078788e-02 -3.194675664474926763e-02 1.033513856070566485e-02 -1.204876046194299118e-02 -5.675069396971924723e-02 -1.071645485058825330e-03 -3.932449190813221140e-02
2.363934345183827876e-02 6.076943889617709288e-02 -9.985343794458728661e-05 3.338195325627681814e-02 3.679595507286106265e-02 7.254006352586402258e-03 -6.036585479397957310e-02 6.695385498460039615e-03 -5.579822535529267713e-02 6.822486056125179332e-02 2.490678787271503186e-02 5.043973153352753619e-02 -1.956896141150341745e-02 -1.057171058111991239e-02 -7.259968343581821304e-02
-1.085281274707133523e-02 5.179111008586242959e-02 7.610811626951231867e-02 9.350777245356192702e-02 5.133178894190161545e-02 -8.695495965964808449e-02 2.430941188375705057e-03 8.000513380502323468e-02 -2.969217456817833944e-02 -7.137185395801681764e-02 -2.296935875329927587e-02 -3.563964019462239480e-02 -2.565678620950487612e-02 -6.609775430731672230e-02 6.157492140463731445e-02
1.710232857262976303e-02 9.836984119411708305e-02 -5.104207586223787757e-02 -4.978480905357917513e-02 -8.123312411452573989e-02 -6.803072620934221861e-03 -2.064185599536055155e-02 2.392543206613877149e-02 -8.050714446040174721e-02 -2.188829012013825126e-02 1.776894311537794216e-02 -2.758621822651978819e-02 -6.056953972806480846e-02 -2.139663554503992010e-02 9.269443476504908574e-02
-1.113066440494745769e-02 7.285423603957753846e-02 1.165427190879222974e-02 -8.956166377538559223e-03 7.058854427106728280e-02 4.753571475186625650e-02 7.155471304465642335e-02 -8.169616694213234498e-02 -3.673248474721138579e-02 2.009552816465198441e-02 -8.818790732137427035e-03 3.399108014263203803e-02 -6.598093294007978393e-02 4.860560680266769878e-02 2.597138729252166604e-03
-2.243435329598540001e-02 5.357243748884428893e-04 5.121879318538871684e-02 3.282806370134599971e-02 5.354794445436079214e-02 2.321500497654170256e-02 -5.167115350287421194e-02 -6.793891241585488239e-02 1.702673316710270543e-02 -1.078814545594162372e-02 -4.508871094605281654e-02 -2.955463057238765998e-02 -8.850304170812471616e-03 -5.259011979924389096e-02 -3.584325304057389694e-03
-8.845714317123988535e-02 7.840610207863382350e-03 -2.667737607506955543e-04 -3.077436021530470522e-02 2.032796655433935160e-02 -8.057649544776301909e-02 -1.564990312850700338e-02 1.949517058537587888e-02 4.509393394527735910e-02 5.054117701993102868e-02 5.764035204026489445e-02 4.603794784995784289e-02 9.578946300060590946e-02 -9.514802155642746459e-05 8.221277741206749548e-03
-1.382480108783693505e-02 -5.725442468620692282e-02 -6.510704109868486675e-03 -2.519943244149318307e-02 -6.935341046973296508e-02 -3.272673287010822302e-02 -4.782711447948473707e-03 -1.171896577708633480e-01 7.652541206264017182e-02 -1.239811288128202411e-02 -2.296181847594591739e-03 3.247683171018402037e-02 -7.341739156474297832e-03 1.463322331508687749e-02 -4.422482461030281808e-02
1.681915088774963221e-02 1.633026101489931572e-03 -2.070933641870168276e-02 6.518916695011266194e-02 -3.401890834453858564e-02 1.467738072172423795e-02 2.812339704209921090e-02 9.995616303091536814e-03 -1.344596049897814165e-02 1.473615033452546630e-02 -2.037161981628147350e-02 3.176954602673283737e-03 -1.628677319705705562e-02 -2.317357539365926325e-02 6.756862859149531664e-02
4.368223123293429183e-02 5.297784531537635261e-02 -5.647207068903966481e-02 6.586727122470106832e-02 6.494104083125741556e-02 4.898826665468043046e-02 -1.749115236848209839e-02 7.526106939359181180e-02 8.894550434399214889e-02 -3.847159577038315303e-03 4.517136862430801841e-03 4.167237379673788961e-02 1.288510862268577029e-02 -3.892348782255213024e-02 3.424636558492268751e-02
9.712886662699588003e-02 5.199855059839442184e-02 4.850079346195282359e-02 2.372551936002685602e-02 -3.377699155986049750e-02 -5.365771451822265881e-04 -3.744651742057407418e-02 -1.279574717092327452e-01 -6.875305728015666806e-02 2.585589450060215080e-02 -1.544766790801056430e-02 -1.784490922374250971e-02 2.418543385409551219e-04 1.108477383062471538e-01 2.148153339765567979e-02
-2.323405215509622215e-02 7.388203752370463284e-02 -7.184506450151913193e-02 5.101196984914740246e-02 3.299134744886413756e-02 3.907654335800115480e-02 4.949732655061186287e-02 5.974080128533353073e-02 1.163092186012752542e-02 -6.652550114879167420e-02 2.537015895338618626e-02 5.506471245405786252e-02 4.168205749122563808e-02 6.434469962262193143e-02 6.100298000367933293e-02
8.565642969655681838e-02 1.878366215947722961e-02 2.608307015230214992e-02 6.164163929325462352e-03 -8.018157988273226511e-02 -2.336881738846785864e-02 -3.258415932672406590e-02 -2.630665567653666520e-02 -1.652718156052360512e-02 -1.505058064345378942e-02 -1.284393802893849142e-02 -2.083701138222480986e-02 -4.194908797386139726e-02 -2.993237354140824286e-02 -1.895752504947346637e-02
1.063750941062433647e-01 6.287684141111059277e-02 7.197636540024061891e-02 1.016248051653646095e-02 -3.481123391581673193e-02 -4.274162587226943040e-03 3.120411156148017451e-02 2.964742988543478744e-02 9.938182082987627453e-02 2.658609305615055457e-02 5.614704482825639414e-02 -7.852859521378385138e-03 -5.076511669124302711e-02 -8.128947884190711182e-02 1.357287223328134881e-02
-4.287781513421641544e-02 -3.451667876401828122e-02 -5.936554065419641195e-03 -1.050786825797783621e-03 -4.350257845771279830e-02 1.209533409363080549e-02 -4.073903873607635090e-02 -1.018986771387166562e-01 -1.640614319370161875e-02 -5.980330686449974315e-02 -4.412052148819530645e-02 6.716846175152881016e-02 5.571168323580490134e-02 -5.958200685200420316e-02 5.565747997712403028e-02
3.166602555752208448e-02 -5.097445335016366486e-02 4.503543233373621946e-02 -4.267783697001484300e-02 5.042033217916208968e-03 1.042267303146568978e-03 -8.594995130177945919e-02 4.312416158606927064e-02 4.533505084147842340e-02 -1.222094666592665746e-02 -6.065546729391948361e-02 -4.519314166433044400e-02 3.229916129976801234e-03 -8.476725331474267364e-03 -6.030342994366080789e-02
-2.866670055179186549e-02 2.924785441878396605e-02 7.664438264862584449e-02 8.817752028141324916e-02 -2.480054710266988566e-02 1.051518346018305745e-02 -3.681476387114270693e-02 2.388043459622395462e-02 2.601637810421896652e-02 -9.808582089070681798e-02 -9.379521365637427666e-02 3.965672078851761873e-03 -5.900122457822763039e-03 5.459501569562534573e-02 -1.353272535960414746e-02
-3.909789502204220370e-03 -7.445028243571494286e-02 -3.974184262921259120e-02 -2.978224098763252586e-02 8.235743333583622761e-03 5.495609598415470559e-02 -4.064610142907776336e-02 -2.163898430177119483e-02 6.279961094065875452e-03 -1.658938322391621117e-02 2.317484662792497485e-02 3.497412841594409877e-02 -4.866805797639496556e-02 -2.579939661400449530e-02 -1.018063736764551752e-03
9.841291861824238985e-02 -2.987709304206044233e-02 6.121376539659253990e-02 -7.547709332972089846e-02 7.197422870047233412e-02 1.481003426555917331e-02 3.190042493483434549e-02 -4.351826231219759616e-02 -2.056053135210117802e-02 3.419342590843201662e-02 5.010831009190604146e-02 -5.982665872696183405e-03 4.651413274785643620e-02 -3.172002329845349800e-02 3.722353496346651053e-02
1.218609978696314905e-01 9.984773493216526907e-02 4.910401010531208893e-02 5.626367262723777629e-02 8.944500355283217796e-02 9.008107824851180334e-02 1.229153517961739384e-01 9.175355871768348104e-02 -4.807145852534111530e-03 1.380706358849392301e-01 1.781735846002020437e-02 6.191371321075266748e-02 8.827419414609778692e-02 6.064864853459089183e-02 7.412655619150135267e-02
2.627684489829214542e-01 2.156397712014783974e-01 2.271033224445004606e-01 4.861576179366542960e-01 4.437741576307871472e-01 2.430873552964339379e-01 5.394852507394191088e-01 2.431344210866002997e-01 7.431717914727008212e-02 3.454710518899110072e-01 1.458165910328762804e-01 3.703328175114090071e-01 1.595238446845157476e-01 2.598296134382342415e-01 2.975020705622645756e-01
3.714548462630078984e-01 4.900017620053657708e-01 4.620504914656054507e-01 7.444281678438570138e-01 7.798635029339010538e-01 4.836157611096304487e-01 1.296807356668827849e+00 3.968025886539197633e-01 5.485623482877917123e-01 1.171612340715159517e+00 6.695112975944773615e-01 4.594459358919222303e-01 3.052738920795367017e-01 4.492991573240229242e-01 5.296416064681884750e-01
3.786540079298931216e-01 4.459568866869948467e-01 5.691218459936175922e-01 8.631785956477979749e-01 1.398931961018210490e+00 4.304860096983469386e-01 8.687753927287472644e-01 4.664604081842351202e-01 7.135806217152297348e-01 2.961582478928169504e+00 1.213836387386282967e+00 3.451354865349803847e-01 1.990196053436388002e-01 4.967150800645354081e-01 5.444153920727645701e-01
2.617747420858942964e-01 2.012494243272279215e-01 3.003055982524293621e-01 8.226267648144518496e-01 8.606647464530092773e-01 3.788764293089934565e-01 5.380254481692116064e-01 4.026643419351335629e-01 4.346989224201885382e-01 2.822020308010936063e+00 6.782567121687891332e-01 2.970765696417204671e-01 1.231246208316339880e-01 2.870462510415128787e-01 4.506832417818207315e-01
1.352974039319759514e-01 1.148231543609891797e-01 1.120030201874779308e-01 3.964444718516085264e-01 3.987082074051208624e-01 2.186747369426501886e-01 2.743779525263984054e-01 8.843221387531281785e-02 1.148689295813616063e-01 1.242426119864066925e+00 2.957400483044613226e-01 1.390759009509063004e-01 7.157206985427272058e-03 1.233571484220647996e-01 1.207191615537071688e-01
4.677090147768798306e-02 7.580451982654132226e-02 8.557962284228856631e-02 1.304867299152665527e-01 1.326476284788552507e-01 1.688839190170278171e-01 1.285471302415021611e-01 9.655759810110785268e-02 8.556081714448546260e-02 5.242339353046824302e-01 8.333870134482392056e-02 8.577539687884705444e-02 1.157759090311387823e-01 3.177423897355007021e-02 5.182778085629962533e-02
9.013635767927810627e-02 7.118118722000234266e-02 -1.402297988382826890e-02 1.013345504427076854e-01 4.559507392448796520e-02 6.224507380326956690e-02 1.402908705802400485e-02 1.028205573176346754e-01 3.557500191626473962e-02 2.033970877512081554e-01 1.853876647039832959e-01 8.015195377304440156e-05 6.203202805274439513e-02 1.721080925102680750e-02 1.749713250173377810e-02
-6.810282133360541501e-02 2.501299146611989793e-02 5.825077425791404424e-03 3.292556113216462549e-02 -1.305623165990077959e-02 -1.919063619033629584e-02 -1.475669693250159648e-02 2.424124132139051854e-02 5.903775708592555460e-02 8.441092557762668036e-02 -5.220704568570747885e-05 5.230494851944743340e-02 -1.377979124010400916e-02 6.565109053308766651e-02 1.437972928365010422e-02
7.225013918798106789e-03 9.042181005223447199e-02 -2.095001571799600271e-03 -5.859481423566073599e-02 2.116431866767952072e-02 8.733913851807132908e-03 2.002546165814316284e-02 -1.577347639180530156e-02 -2.847039970804737113e-02 4.761470477699312337e-02 2.611433681173282520e-02 -4.232596702828441554e-02 -3.334994442818905308e-02 1.652865861442389186e-02 -3.768324787856953961e-02
-7.504624133172009548e-02 -2.308275889519036811e-02 2.748395124450120179e-03 3.948991752221121809e-02 -2.616086888623241763e-02 3.088266149550143724e-02 8.385749902472584144e-03 3.977448691624312777e-02 -2.741260887160230225e-02 -2.004130463993950353e-02 3.663028279366908977e-03 -6.432538059661613294e-02 -3.115354866036259412e-02 4.330522686998482945e-02 2.973055867329549296e-02
-5.210117289694348591e-02 4.675313677785344207e-02 1.322778110007432131e-02 -1.154310808055616748e-02 -4.629218072642227177e-02 3.235825213962071484e-02 4.838526634967278001e-02 -1.367165870525174388e-02 2.931427384579503650e-02 5.044121289741246295e-02 -2.108138988373257222e-02 -5.139289337075304831e-02 4.979828377239096937e-02 2.190633255553505257e-02 5.310410455120966045e-02
-2.580871732638141333e-02 -1.835071847932848513e-02 -2.381876485731613743e-02 -6.318728514192352430e-02 1.248693003458095641e-02 2.021199470066563711e-02 -4.709354579940980973e-02 6.173267098484844229e-02 -1.220429129030109472e-02 -1.157099230386882073e-03 4.357975826278559506e-03 1.137777315295172148e-02 -4.424305758838296965e-02 -1.003969647240275133e-02 1.818972572877054772e-02
-7.827856522391356264e-02 -3.110040726173662201e-02 -9.016842770750583755e-03 -3.645492243509973473e-02 1.077606209764473029e-02 2.778610324866965381e-02 -2.259559411256999162e-02 -6.874671708516390256e-02 -2.412361405426226291e-02 -5.740439635038652177e-02 8.519123380063434170e-02 -7.057525113209910106e-02 4.251235103541726318e-02 3.036396783500824523e-02 -4.475315786567266724e-02
4.459529500434141619e-02 7.941875073015383646e-02 -4.267982450987573007e-02 4.522032535493091671e-02 -1.082362218407445856e-02 -4.797531334289148464e-02 -1.024581916122205977e-02 -3.359320443412361628e-05 -4.143998233799546516e-02 1.005255544862942718e-01 1.789284464549140488e-02 -6.758536748205941531e-03 -7.683938537482618708e-03 -1.035764452688466182e-02 2.438435081242996266e-02
-2.676252708777762321e-02 -4.606441401755140622e-03 -1.460873678416181945e-02 5.241186632380721161e-02 -3.153596900528291003e-02 2.199419101785370090e-02 4.376608412087689554e-02 -1.755884111915197859e-02 -4.409886701106182499e-02 2.914774264263243764e-02 -2.527174080948028315e-03 -6.645116160301510477e-02 -7.007743711318162316e-02 8.312552646479700463e-03 -6.093102477578800358e-02
4.217852105600636281e-02 -4.559477423478818653e-02 6.738853972131414460e-02 9.821944013106707894e-02 -7.633278271654146685e-02 2.819354208336997264e-02 6.603148053818928831e-02 3.008100132778654054e-02 1.588608104908757063e-02 -8.882440370474928293e-02 -8.958041347257138243e-02 -4.699558113028260570e-02 3.395076507876193528e-02 -5.028463102901973777e-03 6.619741947957363815e-02
-8.516077316727429375e-03 2.348275976933698883e-02 1.011119826814422737e-02 6.159115730214814038e-02 3.407425150255535828e-02 2.623313853977216406e-02 4.016584994324534641e-02 -8.051110192585624742e-03 -2.529281436775420236e-02 -2.402049239770426628e-02 -1.715586345689085190e-02 7.299276226526181521e-02 8.885776691780374048e-02 -3.113422565237450659e-02 -2.100693499560749716e-02
-3.859397700338487724e-02 1.819417574481377656e-02 -3.478621108867793049e-02 -1.332297632860763789e-02 1.153374370032825974e-01 -2.822981679293479207e-02 -8.475833883674765978e-02 1.291678419005970642e-02 -1.487626725337302599e-02 6.946590505237641320e-04 2.372931726738790326e-02 6.499309325651196623e-02 -3.250349314766769887e-02 2.508879267948476918e-02 -1.573728499403437633e-02
-6.102338028282151133e-02 8.445276130977542872e-02 -7.214250319704063052e-02 9.593944061106397803e-03 4.124122042610466748e-02 -5.137741182253557221e-02 3.706053401593015217e-02 5.036291332115662434e-02 1.700930156064414320e-02 -2.336603900149408428e-02 1.282690644381421878e-02 -7.820011865759793346e-02 -2.412076017235080180e-02 2.645583713894290173e-02 -1.548293626713836621e-02
