-9.738294599644503960e-03 -3.292686962920143845e-02 -3.731128135992163933e-03 -5.099473733601235514e-02 5.138915592721245845e-02 2.087040819801474004e-02 2.319254780535410371e-02 -8.470488916197322846e-03 3.612925945885214762e-02 2.112164405506972500e-02 5.100286592058811408e-02 -6.694863299156905527e-03 -3.834319339746403849e-02 -4.238302295819857540e-02 -3.335396216230401834e-02
2.347910983945828214e-02 -9.319906332147458172e-03 1.229193093308251009e-02 3.740104867128710847e-02 -6.545543109254058078e-02 -7.415273389699687800e-02 3.948905233235842915e-02 4.212112324680800102e-03 1.029553580759312581e-02 2.293396690411498434e-02 2.213106266985747847e-02 -6.083923143919470894e-02 2.703287043926734523e-02 3.593439280484577586e-02 -1.452550751893439199e-02
-3.885418406182377521e-02 -1.741477601478548867e-02 -3.247073627892012315e-02 -1.053309811094339972e-02 7.905925320939478917e-02 4.814017103212478443e-02 1.175104631417632321e-02 -2.220688118218059129e-02 -3.416800156715936454e-02 -4.499079167509286402e-03 -2.110743661494812740e-02 -3.472678776467370831e-02 -5.413654854475613565e-02 -1.994302170721267559e-02 -3.466996578230552295e-02
-1.241930207434234143e-02 -5.344801384809389627e-02 -8.986777066005702252e-02 -2.901556733532984801e-03 -2.257003384442008917e-02 -1.000821455921544097e-02 -6.910435382019747275e-02 -2.997615365843180751e-02 6.231431616193521678e-02 -5.595899294123305237e-03 -6.085353739963530496e-03 6.758807025293418758e-02 9.292774448429116929e-02 -1.164008874981153768e-01 -5.873196543215258164e-02
1.118687756722597237e-02 9.087139402842943359e-02 2.788786865701308945e-02 1.322852725902104627e-02 2.679664616695779863e-02 2.277954368769362706e-02 2.898883505607193628e-02 -4.101555627365449652e-02 -1.424127766797657173e-02 4.018807215978495440e-02 -1.929983403903677910e-02 7.332355434278788747e-03 8.359422851049869499e-03 -5.707482231888447166e-02 -4.982803876519804887e-02
-2.869865771384632822e-02 -2.957783504177423080e-04 -2.566966492187245166e-02 -4.750577829303382488e-02 -5.561756223073005545e-03 -5.909662101037124055e-02 -8.079021678259776240e-02 6.269501512440878166e-03 4.444327228934306061e-03 1.575471041296706495e-02 3.358665413735561350e-02 -2.558191792802189113e-02 -7.405684425329939202e-02 3.669735842498370038e-02 -7.149400587714146993e-02
3.783031918800732613e-02 -2.548434197238254317e-02 -4.583106610940532177e-02 -2.962479733927458805e-03 -4.759606087438991023e-02 -6.111539870062110413e-02 1.962016980568448421e-02 6.159183038626393075e-02 5.268693721913229183e-02 3.875748504199628963e-02 -1.283374431527416551e-02 -6.006099806229343169e-02 -3.735764073656717282e-02 8.864091862149618695e-02 6.018847881562507107e-02
-3.037610450984493810e-02 3.260670115494381655e-02 9.207159953016656392e-03 -2.331498480179747951e-02 -3.195721917990333727e-02 -6.844539719391809496e-02 -1.095257606101922299e-01 -3.671500039912016511e-02 -7.069483906613181767e-02 -2.440840575834476653e-02 -4.319015569505295360e-02 1.572478252471412943e-02 -1.081065748177657132e-02 -1.661703401931099652e-02 3.685067532660091238e-02
1.048471666638563400e-02 5.169989800219971371e-02 2.221923938233150847e-02 -9.179436571269634915e-03 -2.457367033284545838e-02 4.444497477292150972e-02 3.303844659152154611e-02 9.083537492812153100e-03 3.575244464017605928e-02 -2.786224337369519813e-02 -4.699840491679078687e-04 2.683185991510726037e-02 5.027188689263441257e-02 5.080230649615612853e-02 1.492924471304201556e-02
-6.058975918111256936e-02 -1.162560179242544574e-02 1.769486618664345770e-02 1.060410480118477161e-01 2.492914910022010766e-02 8.103102792707606028e-02 -6.644579953630722069e-02 4.797617979915163450e-02 1.728563694021336555e-02 -9.635109599011927595e-02 -1.248273274709788341e-02 4.940964096690757257e-02 -5.999992001821201348e-02 -4.708015784304664386e-02 -3.501011271329838165e-02
-3.447924670869339896e-03 -5.330306116705964964e-02 -1.514851774897811414e-02 3.955765240663432214e-02 6.151799190662866033e-03 -9.551121064541404646e-04 5.786709999625243295e-02 1.031672045474898713e-01 3.049029109292244327e-02 5.855135278509555896e-02 -7.373136525179463385e-02 -1.623585985660410541e-02 -1.573468279044876140e-03 -2.989319621389598808e-02 6.235227396467915573e-02
-8.437355029063255824e-03 8.783344669581470698e-02 -1.722654562377482282e-02 -1.080605758335841105e-01 4.171469965365795507e-02 -4.589208663238355385e-02 2.707386287277512016e-02 -7.846480051554305390e-05 -1.571008737172287228e-02 2.796048684626003741e-02 -4.403657733049938516e-02 -7.532358161220779891e-02 -1.647602530227424865e-03 4.076298592874833329e-03 9.896276032410598889e-02
2.490249748156072446e-02 -4.300592749009914638e-03 1.320155063946428821e-02 -5.647777954627557911e-02 -1.619585883707676602e-02 4.841604908292360815e-02 -5.336629995854934305e-02 -8.078699575384919174e-02 -1.526707268092179423e-02 -1.739361182607278289e-02 -1.163289354928772126e-02 -1.390164502986980999e-03 -1.655955294684697404e-02 -6.134086795610148996e-02 1.303519957936937271e-02
-1.105740366953986099e-03 -4.962095889604430793e-02 -1.328644162415778401e-02 -1.010955890270891569e-02 -1.061630817946635635e-02 3.286910379704841012e-02 7.353350618285689477e-02 4.605892413587584638e-02 -4.696444064789225686e-02 1.973298979839140793e-02 1.440591380431846709e-02 3.270101068790422921e-02 2.397786863715620914e-02 5.213067346896183701e-02 -6.575561758824879921e-02
-7.476346671569415736e-02 -1.946068953623122585e-02 -6.037957146772920253e-02 1.459672407025466032e-03 -3.746350514099803380e-02 -2.815300310570607520e-02 1.036590074312452973e-02 5.767896525531656521e-02 -6.947689383125686680e-02 -3.110703726177166742e-02 1.069766341367997947e-01 6.747299580462697011e-02 -1.245460472971973535e-02 3.249026501546692369e-02 6.688112328747740365e-02
6.078406331696917068e-03 -6.722172093219236366e-04 2.738621254893873827e-02 5.490009922345663942e-03 -2.929163249305454311e-02 -3.423722769866360122e-02 1.136657129358793414e-02 -3.722197446623655599e-03 3.747480670536498110e-02 3.289219063572769441e-02 2.941069011906781439e-02 4.208115055748072597e-02 5.035014161623008362e-03 3.486941227312891772e-02 6.686832580654963887e-02
6.936817239359741732e-03 2.887962625413355994e-02 2.482690088377880605e-02 -2.058849353314521138e-02 -3.292876403064905200e-02 -2.305427799565954936e-02 3.147685850697335558e-02 -4.132339435072522604e-02 8.301612325025774231e-02 2.754727528536827369e-02 -5.248097609573403738e-02 1.231486605927693389e-03 2.059423245719194800e-02 -1.520305578801747250e-02 1.214145576124701052e-02
-5.454164810149424863e-02 -2.418792939704681941e-02 4.200195492629620053e-02 7.535257738173101183e-02 3.899297477108033816e-02 3.374757089603052512e-02 -2.677475572440708371e-02 -2.625926765338352023e-02 -6.718804058422610248e-02 4.558456183493924709e-03 -5.825744394204736276e-02 -5.743750036769835338e-02 3.773873835008027811e-02 3.696119912782874078e-02 -1.071575225959905536e-01
8.868003791530280899e-02 7.050079498216339779e-02 6.495849384072988064e-02 5.697750114566300927e-02 1.784098292304777192e-02 7.815146333024000636e-02 4.469379111340211069e-02 -4.900626495303315316e-02 1.984641531532915087e-02 -3.917852202363698161e-02 4.061966737896707119e-02 4.831469904394388500e-04 -3.943997924932422794e-02 3.790109897154581714e-02 2.267446671303805991e-02
-2.251037091120006856e-02 -3.278198078179765662e-02 -1.295896156139144696e-02 2.162788989098579986e-02 2.917408999686473708e-04 2.430861037826695728e-02 -6.536455718244817137e-02 1.148053040358342630e-02 1.820517235350838786e-02 5.077032247712779528e-03 7.932617864766923488e-02 7.320239279255065512e-02 8.343925012026705279e-02 -4.588162703248109542e-02 -1.521702536668030348e-01
3.820393181763605955e-02 5.654012044484337668e-02 -2.000424762237695830e-02 -4.333090897651241391e-02 -2.823633954157154374e-02 -2.267382930147303008e-02 3.088435940240227481e-02 1.815688013683398189e-02 -3.977689242439124556e-02 1.756111075044371195e-02 -1.043404140190649920e-01 -1.032067372995395943e-01 5.990957933002027946e-02 -3.297620317105135618e-02 4.033589622506270761e-02
9.849827851752852859e-02 -3.545435351295935650e-02 2.202225169354256329e-02 4.091865964436762482e-02 -6.087973457823776108e-02 5.663025078175836641e-02 -2.066593602064766000e-02 -4.207460324427742676e-02 3.510029616373114975e-02 -4.935733430571775937e-02 -7.925381954789792807e-03 -1.285591859800994975e-02 -4.977614607315502572e-03 7.102164868564893319e-02 4.294096140959092339e-02
-5.718049094847148239e-02 -2.204965300264566277e-04 2.987183528145498281e-03 -3.687159306805793541e-02 7.684494532712064785e-02 -5.392654478188892847e-02 2.632164941855203843e-03 -1.378299153177651483e-02 -4.474209949587223782e-03 -3.870455709432107927e-02 4.079685788835781673e-02 1.200498513921603554e-02 2.235981191507374621e-02 -1.653253908939904607e-02 8.361928767803486484e-02
-3.346081889730979919e-02 -2.094933117591362554e-02 -1.222944248056316401e-02 5.989782497222152780e-02 1.662772449188924416e-03 -3.033117069587372427e-02 5.937652163980653569e-02 -3.142973580920379044e-04 -3.619358430877266108e-02 -1.585756816417099521e-02 -1.357860531637982218e-02 4.402557739080455862e-02 -2.140781579901681383e-03 -1.859355015721540771e-02 -1.956626348325668160e-02
8.984312521750871527e-02 -2.746508266766330489e-02 6.211848106223547689e-02 -3.512143027232905723e-02 4.765219472971411047e-02 2.065244379512680070e-02 -1.331305496285594032e-02 3.005689152741158540e-02 -2.888622223791163443e-02 1.767858115305647251e-02 6.319637395715774209e-02 1.426410566749541572e-02 -7.814801128419969489e-02 3.839441326999257914e-02 2.048306598121031954e-02
3.428261511809308631e-02 -4.495886925181768329e-02 2.473248994457182340e-02 -5.376296457554857050e-02 6.759709262515585515e-02 -2.286773066193364262e-02 7.158320274375280790e-02 3.208225954171353006e-02 6.519291026688896207e-02 1.330396135253029098e-02 1.136557174070987157e-02 2.311005393561946578e-02 -2.125043985375724837e-02 4.190727063475312153e-02 2.812691505530669558e-02
3.236908591848815242e-02 3.265100564839186481e-02 -4.338188457714427237e-02 -4.512413707172294869e-02 3.370640482170991770e-02 1.144969772605283244e-02 2.080268196210444467e-02 -2.558362815512186042e-02 -4.478161361431817235e-03 -5.518450152155558730e-02 5.012020833674109971e-02 2.541459022111667784e-03 2.152428811872345374e-02 -6.770374187720965518e-03 3.021806326975626927e-02
1.068483979936451639e-01 5.716793387787409350e-03 7.155874501143785760e-02 -2.769051332163201609e-02 -8.486290810033740237e-03 2.442283083162510859e-02 -2.201975088391249988e-02 1.187669801825308978e-02 4.906787508165499911e-02 2.872121687931079512e-02 1.653498581272907705e-02 7.648081795097040614e-02 -8.300984579743961311e-02 2.859839719520875650e-02 9.953616398783413088e-02
-3.961958587391460618e-02 -3.438873368420879151e-02 6.681915731034465677e-02 5.043027210453307485e-02 -4.515484766115586412e-02 2.484903233745316617e-02 8.653616930706401963e-03 6.351226389037165077e-02 4.551813453576330180e-03 -7.248630040650895891e-04 -4.905652209912227070e-04 6.072558315093542006e-03 -1.296973732084079692e-02 8.230346667821222817e-02 2.284085275835390227e-02
8.691774241115116789e-03 3.199815581862078956e-02 1.967966689188873491e-02 4.724373303691981746e-02 -5.081919587522274601e-02 -2.151602582629659824e-02 6.069377104610280960e-02 4.862830483455511665e-02 4.466760376587530432e-03 -5.718475158103908211e-03 2.817750099233461147e-02 3.816561250209710848e-02 4.951725959126932960e-03 -6.010205763895045544e-03 3.816073556609651113e-02
-1.218077110500058458e-01 -5.606070332632116099e-02 4.426247584899837412e-02 -3.587459206898588326e-02 1.067167823943691168e-01 -8.687389448898295841e-02 1.930492037372921049e-02 -8.678986293444725109e-02 3.746845065478605213e-02 5.846737972332925054e-02 -1.634959025304940847e-02 -6.467795255522395918e-03 9.370841361847265238e-02 2.692746328292222255e-02 3.110646572738728216e-02
-4.531246191476515084e-02 6.683564825588568514e-02 1.326174580942626746e-01 6.159404424084629487e-02 4.788250676932724256e-03 -5.598694538648807395e-02 5.663426066104681328e-02 1.567777149486930532e-02 1.176090201465106698e-02 -3.471067360798687357e-02 5.938590149666175128e-02 -4.168419149933809409e-02 -8.383629062617917876e-03 -2.774453664418930626e-02 -3.691263293137436036e-02
-5.495845705193891373e-02 5.523334238269927629e-03 7.350294199972987053e-02 1.165343087151733542e-01 -1.362291679530564827e-02 2.060265137022966944e-02 2.385059111226359857e-02 -2.665597681678870748e-02 8.924505722559837595e-02 -1.255904987010751823e-02 1.052203904068805748e-02 3.732917332368275790e-03 1.504913659685641440e-02 2.452539431715264687e-02 -9.533982717432525067e-02
3.846293908464691602e-02 4.618731193817834230e-03 8.927345220479229737e-02 -3.501732058424419924e-02 6.933797420230561337e-02 -6.148193376789565928e-02 5.185313225771936291e-02 6.262216577671604611e-02 3.361077737120748282e-02 -2.210599141153920307e-03 -6.782404660075877501e-02 -2.154357441660367106e-02 -2.276112716532652236e-02 1.206778347009706404e-02 -2.882945779848733112e-02
-6.685765136737478742e-02 -3.465328502798579405e-03 -1.846003760037911653e-02 -7.361954722731832435e-02 1.831529000332359283e-02 4.202196754535535844e-02 -4.024337338097973282e-02 5.520461376536901082e-02 1.863541546152787942e-01 -4.317170121557048490e-02 6.881185797816916647e-04 8.798332103205269705e-03 -7.490031914373591893e-02 4.083755939404918461e-02 2.047177675232791927e-02
-3.059788799615466987e-02 -3.462270930680026032e-02 2.586652828505543299e-03 7.270382249417632614e-02 7.598914739893598835e-02 9.987982458564693966e-02 7.062508207994490882e-03 3.150534291458375463e-02 3.423887665763565846e-01 -2.441675286025439193e-02 -1.132991688877110596e-02 -2.486429089246716684e-02 6.119444233240232608e-03 4.739611453147197367e-02 9.718743168987024894e-02
4.567700569981639203e-02 -6.630295507238596897e-02 -4.481882608015046177e-02 7.703537552541625533e-02 9.585718933427807287e-02 4.599464278410799606e-02 7.361995227050090185e-02 6.689689798439182877e-02 2.287548907126652209e-01 -1.008398759255911201e-02 2.829120385011985386e-02 1.762830911058533082e-02 1.412421705273099459e-01 5.766273081041839443e-02 1.554857699026840172e-02
-5.107901792750310643e-02 2.838489129399102140e-02 1.032370179114240477e-01 4.796782285429183196e-02 8.429719599941745689e-02 1.954212648409586195e-01 2.196515951598986549e-01 1.320170103547252671e-01 9.885987390777435657e-02 1.113596848445388143e-01 1.447538868142482678e-02 1.136871530727295992e-01 9.925020543754146940e-02 4.043351753387817993e-02 5.550724955652096282e-02
2.380187522541913627e-04 8.314156881212707295e-02 7.584170776276003001e-02 9.554574889980077534e-02 9.656800858878572535e-02 1.499501623119712523e-01 2.630332262065238069e-01 1.802929663581342157e-01 1.374642625647466698e-01 3.436758594252976584e-01 3.457687811546521217e-02 5.266157193951493537e-02 7.817953364862526011e-02 -1.684466968823455230e-02 1.401556328075366509e-01
7.421817939926354801e-02 4.218381977314566988e-02 5.132962893755247530e-02 1.026005871543831105e-01 5.888321306207464079e-02 1.395427037498299383e-01 3.006004585690993935e-01 1.766040195130012536e-01 4.501009251891352481e-02 2.750838898319549197e-01 9.295787747371941911e-02 7.921661421623575616e-02 8.874611380771303681e-02 1.073312337364231567e-01 -3.322536521030813178e-02
7.527011613339198992e-02 8.826443214151673267e-02 4.381056195188411800e-03 1.291621717696503358e-01 1.866053325896882276e-01 2.864666694987649809e-01 3.222203101525077384e-01 2.949071498765942212e-01 1.907488923029301009e-01 2.728269827076380549e-01 8.879421255090594323e-02 2.117667460712824856e-01 1.027389489141696116e-01 -8.854925876937610671e-03 3.664425730644532003e-02
-2.376736354952343339e-02 1.023002088207230487e-01 5.447074438147297276e-02 6.825483062212785168e-02 1.553559947211722303e-01 2.803454819605908366e-01 3.510278016656807054e-01 4.103147769800016276e-01 2.535830371991056320e-01 1.466025528988702809e-01 9.845894262092123872e-02 1.386279922662179975e-01 9.161571440391366727e-02 -8.315611308216538933e-02 3.648042348179928590e-02
1.255107486150884855e-01 1.403315001931489669e-01 1.751754672776365332e-02 4.047422304829562806e-02 9.371251173364002207e-02 2.097735990518394822e-01 2.534062389794440873e-01 3.875918071607055704e-01 1.939162929113988354e-01 1.018112723151918531e-01 1.331802009854005375e-01 8.441847662042220590e-02 1.152894309091396924e-01 3.977662876021205440e-02 -4.359854385548430668e-03
6.398169198095102206e-02 2.919190747775964739e-02 9.494580117219006410e-02 6.875468202304700627e-02 1.994825723794797778e-01 2.548365934268322919e-01 2.668027165107156873e-01 5.051423287349503521e-01 1.886642831942190179e-01 9.850821771059986576e-02 2.110168433322716086e-01 1.258084066595569483e-01 8.251676382457021064e-02 -2.385372847373651295e-02 -3.006147495327246219e-02
1.759770412076897550e-01 7.492062592782459951e-02 8.673682708003796482e-02 3.599415439397324334e-02 1.848335913323384261e-01 1.706682739049161512e-01 9.273444404404511399e-02 8.730409974074361257e-01 1.247482643792400953e-01 1.549467433228071123e-01 1.337747988567155599e-01 7.909884709692723004e-02 7.302865830159729899e-02 -1.157133678641238984e-02 1.029776997885045731e-01
1.744548518600912146e-01 9.474499339518759056e-02 8.313789960353940023e-02 6.087798177344542344e-02 7.607728883538224240e-02 1.752692543379920365e-01 2.673626800454630970e-01 5.890127867164897113e-01 1.764366213913539094e-01 2.292431655957487824e-01 1.935209083102632510e-01 8.921418654007060023e-02 1.690640135365693020e-01 1.431845264379987825e-01 1.091643070579369351e-01
1.954538066078878589e-01 2.279399982777496891e-02 5.029393685594404223e-02 8.132061014373090369e-02 7.603283700091792441e-02 1.300311531222416161e-01 3.772549051266115838e-01 4.407767071028709238e-01 1.723388079623094926e-01 2.205982190513956220e-01 6.551450938458273920e-02 1.262200021355255886e-01 5.292359174382352260e-02 1.085926478390663585e-01 1.670066317731208616e-01
6.187786272255372394e-02 3.661118645313485298e-02 1.435931272948675064e-01 1.420216238458090197e-01 8.978135528565137080e-02 1.820897374918128697e-01 1.502640885510176660e-01 3.246702044632202022e-01 1.519498742670889746e-01 2.033829069593891259e-01 1.036974624166826092e-01 9.907934623841721522e-02 8.168890585112796587e-02 8.504301627744188796e-03 1.704145086249432561e-01
1.105476761827848542e-01 1.096972843826044680e-01 1.362247748260232427e-01 1.057043573178964753e-02 2.017690319828735201e-01 1.868043895337110905e-01 2.434209715232454052e-01 4.801180203753261932e-01 2.716712457551213045e-01 1.173390818691511100e-01 1.424595711118101515e-01 1.388622264265561845e-01 5.169710470399001279e-02 7.755655787885611108e-02 1.788549485224505964e-01
1.060938966279386525e-01 1.214699408386061968e-01 8.699980703964166340e-02 1.149596128676103057e-01 1.031741844607936415e-01 1.006766883640085875e-01 2.238780474480872584e-01 4.085962349959080808e-01 2.154646663277454133e-01 1.348464071153306632e-01 1.655660266320378715e-01 1.199846568808047992e-01 4.056784616993568127e-02 1.164788404633403662e-01 4.102763331751538983e-02
5.132381271694527042e-02 3.563379859986208487e-02 -1.485074637342070555e-02 1.133012961370674782e-01 1.668772794529340686e-01 5.426548269424637944e-02 3.234463886749819883e-01 2.704987724611156996e-01 3.343101225951585209e-01 3.657955228751923471e-01 2.587475823062292402e-01 1.182267935477314680e-01 1.317415704196392978e-01 -3.291327002810272295e-02 2.071995054033396455e-01
2.637112846283172218e-01 1.441837605838492686e-01 5.927366545127032982e-02 2.055180759120739387e-01 1.334854590823608966e-01 9.785026251250904250e-02 4.374621646061356839e-01 2.074307576086689975e-01 4.630577061718606502e-01 3.696066526881608416e-01 1.357495769340245351e-01 1.292013198681239983e-01 7.001385840100385338e-02 5.898615245279281716e-02 1.158374990303284030e-01
1.467905449001587759e-01 9.116696720753246497e-02 -2.041955561570459217e-03 1.550740611052905948e-01 6.471372787990378739e-02 5.236305332677078372e-02 4.603193855335155349e-01 1.615848618980172680e-01 6.088905162290425555e-01 5.496595191794028112e-01 8.424237762959993492e-02 1.646258866398591647e-01 7.621155914541492826e-02 1.517990937297784837e-01 1.435991142832823697e-01
1.408188400529915840e-01 9.264773712526697125e-02 9.877354833835339399e-04 1.815149526299886518e-01 1.637311276009659755e-01 1.352264245859116365e-01 6.661317725297288828e-01 2.703901170494236728e-01 5.798120533135424637e-01 5.266564001117441940e-01 3.665750138458136465e-01 2.635095161587202028e-01 9.226017868825836521e-02 2.522861150657406681e-01 8.316656437647290678e-02
1.775013485368014121e-01 1.083471775840664370e-01 -2.648069362467000282e-02 7.600903803435682393e-02 1.972507033430014323e-01 1.448474448285460014e-01 7.966153729743865597e-01 6.239872248743675298e-01 3.595776948104377202e-01 5.498358465978067100e-01 2.892399448950542795e-01 1.606632047182936784e-01 1.611311160764092587e-01 2.682471580118109267e-01 1.512439972704787972e-01
2.235543545079475836e-01 1.013840574467008288e-01 1.698760779564615492e-02 2.609990841680985274e-01 2.029907611369524689e-01 1.617634887278997513e-01 5.264288588710350769e-01 6.863770321916755623e-01 4.967481110472197203e-01 3.333328647133640965e-01 4.564064786768128879e-01 1.362844002198917159e-01 2.175656767961780813e-01 2.051506580982509209e-01 2.626243323247381412e-01
1.957061608549361120e-01 6.016470982618336155e-02 1.542019018689202159e-01 9.355870780420653954e-02 1.524830423894761866e-01 1.490204239901169458e-01 2.424263005247004332e-01 5.885565602239931637e-01 4.631815134641942278e-01 2.000647507572706485e-01 2.769687986290865211e-01 2.023674432383116423e-02 7.364642655817629779e-02 1.466770703046960389e-01 1.750153972620971943e-01
4.634471635355896096e-02 5.333277658683017314e-02 1.013752999548247075e-01 2.856469926804779472e-02 8.888884381983383487e-02 1.502389978011437477e-01 2.255948120210534147e-01 2.970554083988281024e-01 2.828598844344941132e-01 2.317652817768959539e-01 1.531330840308288699e-01 -7.847892957021811167e-03 7.072393611187677287e-02 2.994201080905945639e-02 1.187383733624029908e-01
8.016538251805403748e-02 3.205269619845640267e-02 7.398487046677907665e-03 3.631974144437512264e-02 8.236982357648416075e-02 9.449652980560041549e-02 1.221387058473309278e-01 2.194420007400387784e-01 3.552383788280829569e-01 2.560130882066244395e-01 5.559229938046271469e-02 1.350804024873112630e-01 4.048052651211945380e-02 -8.926831135211000037e-03 8.054325015805278987e-02
4.126959862384681210e-02 -4.678307579523024312e-02 1.919184178352107209e-02 -2.343827091162616755e-02 1.401893194123302600e-01 5.202579750734461633e-02 4.629402487400530869e-02 4.247737909933547301e-02 3.695875115703921576e-01 1.069740652973781708e-01 -4.080832258455143607e-02 6.359757343234724580e-02 -1.492177865146911662e-02 -1.008062829186435333e-02 8.163631281721198119e-02
-3.771809526164368598e-02 -4.308344771972246628e-04 5.372841922590480129e-02 1.028434124378940495e-01 6.961377094717269114e-03 3.388515696869261185e-02 1.483736581054156400e-01 3.707581111389055689e-02 1.770947737911399422e-01 -9.670682918778183632e-03 -2.895736488561985456e-02 6.029265387499872786e-02 1.545470696110669458e-02 2.824563730445528442e-02 4.545094379217200220e-02
3.883174894749418654e-02 8.664984959541599530e-03 -1.496827647435285992e-02 3.431724627824053048e-02 -5.963626679717453846e-03 -1.973032637321303802e-03 -2.331777985964213901e-02 -2.460015940847370963e-02 5.694733265098896741e-02 4.246744717715555950e-02 -6.482455638687685540e-02 6.932581860290973341e-02 6.638108509581008843e-02 8.864834739123020335e-02 -3.759991953583202012e-02
1.803452859445459078e-02 2.561618542677266720e-03 5.210206028017953621e-03 4.162450918721419257e-02 -7.156765096448177398e-03 -5.303417021244771941e-03 1.232960363714890109e-02 7.648927952466486047e-02 8.811989088402345793e-02 6.137749750504019677e-03 1.157687464152046958e-01 8.162817872716564283e-02 -8.596967646928077578e-03 -2.364853439756617673e-02 2.687843151192802205e-02
4.538040930619639639e-03 2.087228202287487108e-02 -6.001593959907215031e-02 -1.921459119044666153e-02 6.407287439161938811e-03 -2.924112832078472335e-02 -3.801768268384139639e-03 -3.370070365770880261e-02 -9.998008973730472190e-03 -5.369119804516160610e-02 -5.680597556200917692e-02 2.728143954625298837e-02 4.889346782099229056e-04 5.447124566850407995e-02 -3.905028734957258219e-02
4.484682691737741644e-02 7.839976476492006852e-02 -3.451187607256285539e-02 1.088951642404989342e-03 2.889408710265013377e-02 -1.463649546197685718e-02 9.983536608444666671e-02 -2.255449099924185588e-02 6.003069987713605116e-02 1.442380828062487554e-03 3.493627957901881964e-02 -2.846194452286693669e-02 8.936146135136956159e-03 -1.201034664943014842e-02 9.716261306662773989e-02
-1.738007034101958850e-02 3.023768289258133707e-02 -1.072431584813509503e-02 2.738899215154065592e-02 1.473751825658812208e-02 8.599382613853022439e-02 -4.328218261541369460e-02 6.694561394466375104e-02 -9.243063039512793011e-02 -1.040334941768696064e-01 -3.596794948970873790e-02 1.115227868661072819e-02 -8.276597118829571997e-02 3.453072156037640533e-02 4.661349692756051877e-02
3.028372046647366880e-02 4.854627997857765415e-02 -9.467317786538417129e-03 -3.939491238119619682e-02 -6.247885959876695386e-03 -1.933369684915060838e-02 4.641317383518934331e-02 -4.383634010175564005e-02 1.760643062667229322e-02 -6.602940279287843051e-02 2.344255446497906653e-02 -4.389529790112078889e-02 2.161286974745231862e-02 2.454695033434220117e-02 3.511682440361837271e-02
5.667012369234840363e-02 2.878405233017400366e-02 -5.751949037310999033e-03 -2.025266994207005830e-02 -5.632946551305741123e-02 9.432612702128261029e-02 -1.259752215756877215e-02 7.608942535932082529e-02 1.689766674210454317e-02 -3.284565729311859222e-02 -2.382387421598934976e-02 7.479980823542812726e-03 -5.101605688125939418e-03 1.481116263889759857e-03 -7.212599838089556615e-04
-3.022725561046520765e-02 1.457024722218852944e-02 -2.679591452253453701e-02 -3.545332306182202853e-02 3.507118743388595167e-02 3.095485459842183679e-02 -3.198752480389752129e-02 -3.711436165170504259e-02 5.329362499614492127e-02 -2.113846285841224429e-02 -2.737791585594041843e-02 -5.036668039956227610e-02 3.768496913544137905e-02 6.637394923039793837e-02 -3.447870690357256185e-02
-9.443460963965458546e-03 2.025745426846500136e-02 -1.280206801369087113e-02 3.987981931006658737e-02 -2.412041271877620949e-02 2.482448526586619394e-02 -3.053102630668695291e-02 -9.706389994700125035e-02 2.049935426847387596e-02 -4.231401385721101499e-02 1.327034639848149143e-02 -7.013255096304076008e-02 6.053117840697789381e-03 2.583414748023817389e-02 5.704124701417744719e-02
9.006635507560416254e-03 6.695868520951557545e-02 -8.554641166178515374e-03 2.895817857666139680e-02 5.940255281312501606e-02 -2.475617215449847294e-02 2.665218554734736373e-02 -2.159177762328468725e-02 -3.511953805679297880e-02 -7.749902586018495021e-02 -1.008999682346920120e-02 6.819759049055670874e-02 -4.286912178851259685e-03 -2.842321753345045283e-03 4.218816724370347271e-02
5.616834152296296817e-02 -8.032395359291721881e-02 3.047429587840691859e-02 8.925079228703070022e-02 5.135602038913629486e-02 -3.105923142096431860e-02 6.693100810200983998e-03 1.054395354766354820e-01 -7.593590907188096928e-02 -4.955624785475334221e-02 1.807698850770795770e-02 -2.157952648618231481e-03 1.574636089727153576e-02 7.800116646863007597e-02 -1.825232814887382468e-02
2.039936781551700273e-02 2.346319627640883546e-02 -3.520373763994577576e-02 3.275538409431264647e-02 2.656581116003478224e-02 1.414238346063757118e-02 1.288591679143961510e-03 5.593495360615050732e-02 1.354183948602404389e-02 -3.345889056741013085e-02 1.995265650570143476e-02 -1.444812833583902084e-02 -5.124145222482166806e-02 9.048871060197362717e-03 4.049196024786160669e-02
2.169526463930640872e-02 -6.792514745488850703e-02 6.073182011017885101e-02 4.916257524424115510e-02 -2.504298296671414112e-02 1.056043450081074198e-01 1.300291248264970681e-02 -3.393642224367741239e-02 1.205064980359837890e-01 4.295141218685127882e-02 1.951410245909477106e-02 1.713776535808105364e-02 -8.149798752435348168e-03 -1.574002487771272024e-02 2.518952628846447828e-02
-1.505667903530786677e-03 7.415909067117980313e-02 3.929058716191661388e-02 2.296032289692851239e-02 1.160681883286177052e-02 -8.348739669506355723e-03 5.988739895637325891e-04 4.675109823300586335e-04 -7.267155420992484766e-03 -4.341097214072554139e-02 2.509353343175722839e-02 1.542855772186317066e-02 -2.643447681409724810e-03 1.109600396314707332e-01 -5.992150305699746674e-03
-4.674102811694635234e-02 5.538125819842769706e-03 -1.846097193303715747e-04 2.124119059099971278e-03 7.969320621246385461e-02 -6.143887567267154043e-02 -4.206078182963515072e-02 2.261550607122450943e-02 3.530325545860489578e-02 7.019437002788389557e-02 3.423180645766384089e-02 1.899020998753902373e-02 -1.693661999105212576e-02 -1.084424384691033694e-01 4.397302643822555840e-02
-2.004979589452289546e-02 -1.807777010390648406e-02 -1.447602393901368384e-02 3.231878034109118836e-02 -3.179566913934415290e-02 -6.844124857379367197e-03 5.122452006315474093e-02 -9.144191246129029782e-03 -1.273671651764645904e-02 -3.540519852610916895e-02 -2.630216532819453640e-02 5.700540579507448052e-02 -5.507417688994712540e-02 -1.118389435026925435e-02 -1.103576032580889793e-01
-1.459799243048599381e-03 -3.023929419382674622e-02 -2.849723792428679112e-02 2.188295462933222829e-02 1.625825261736340427e-02 4.064089416973248881e-02 6.828471025883148249e-02 -2.361777666629600106e-02 3.980790419096989080e-02 1.054499451098087591e-02 -1.756576470758890521e-02 1.935798808099025922e-02 4.903959376039893070e-02 -5.592315711490383062e-02 -1.779887596283467877e-02
-4.491742661988277520e-03 4.666265595111137449e-02 -1.117292603213273922e-01 -5.278217711013451913e-02 1.052585140423487400e-02 1.086228670169408009e-02 -7.141833049554260904e-02 -4.579105089799184562e-03 -1.148336135204503644e-01 2.945913668404831487e-02 4.497751104784176307e-02 4.045697094415115491e-02 -4.360967916237763059e-02 6.196735510114019518e-02 -5.943895089502266443e-02
3.740092841498870307e-02 7.773133977384991122e-02 -1.869660356817077346e-02 -3.737614023208755444e-03 3.647914262106729047e-03 1.198913711635277331e-02 8.535868478355220293e-03 3.260383822563897582e-02 1.215862742296096137e-02 -4.491510457550666399e-03 2.454187813272625321e-02 3.792073009317561971e-02 -2.013980971375733259e-02 6.414782647173375429e-02 -1.466326414704341961e-02
-1.690545506674827683e-02 -6.712010968104470399e-02 -4.385776826232062192e-02 -1.168729243918160271e-02 4.514988144379558643e-02 5.802625642393740256e-03 2.567263128047097762e-02 -1.527857525816737026e-02 1.318186863818699567e-02 -1.773299973376486760e-02 -9.349032289969974596e-02 -3.005383358613582592e-02 -9.317588859720912775e-02 6.683380261183713596e-03 5.513761069871811471e-02
6.521504931911085989e-02 -5.884558273526531436e-02 -1.689590424507917202e-02 4.828079212328117986e-02 -7.904721027914087678e-03 2.531422915866180304e-02 -7.325346761108610973e-03 2.579845929907979493e-03 1.380685323765952661e-02 5.872615555103056356e-02 8.039018642138083537e-02 -2.273187172581172047e-02 4.282305676640970477e-02 -4.225053289897217484e-02 -3.117703242503583501e-03
4.144353849795620603e-02 -6.177949004479810213e-02 2.821023164441354217e-02 -3.288811796119518044e-02 -7.822060111489488599e-02 9.348744268812855807e-02 3.111081380055429751e-02 -1.951658931357612078e-02 3.939997456790420016e-02 -2.962533592162298196e-02 -7.406032840356276646e-03 -5.815467820872195770e-02 4.754643546492041267e-02 1.374083538926496907e-02 5.391069218609499669e-02
2.786588971546796398e-02 -3.371597232456170767e-02 7.809734848847774136e-02 -9.868048918225829497e-03 3.064996815495002816e-02 2.701189346821891019e-02 3.269863013633229204e-02 5.016799314337239135e-02 8.324904399727600657e-02 -1.000990019944366250e-03 -3.622676522845116182e-02 1.482988593203651319e-02 -5.236975555063681786e-02 -4.839281171194169395e-02 3.492751312622468379e-02
-4.752466047814835753e-02 -4.317130642520548844e-02 -2.342552248501660744e-02 3.409912782166221734e-02 4.492456942032375250e-02 8.063625567714553799e-02 -1.275006348689797057e-02 5.476439036469411825e-02 -3.285683709163448631e-03 -5.980886181726278311e-02 2.924308764079175046e-02 5.803799465851648687e-02 2.762280390247748990e-02 -2.353810836527607184e-02 4.339031475100659646e-02
-2.036804779252626534e-03 -7.210228872914342668e-02 3.039600051822672136e-02 1.381274834848293144e-02 2.463560783452955691e-02 -3.088248258463297327e-02 -6.169403858821166653e-02 6.686242612809864538e-02 3.544330733959256269e-02 1.128467448303760966e-02 3.832376019478285923e-03 -4.330830173740031833e-03 2.633490309259648929e-02 -2.701049272626605130e-02 -3.578140213033149941e-02
-2.134828685899242857e-03 -6.021750337761855136e-03 -7.320111285798133749e-02 -3.491498538921890618e-03 1.887131411753344146e-02 -8.024801794920630171e-02 -1.696573484627338785e-02 1.538124856615791236e-02 -2.316048360414145815e-02 -7.980511849876398278e-02 -9.060009914935052144e-02 -2.139366242454266570e-02 2.443621823471938195e-02 1.038801819500342477e-01 -5.064842855386440454e-03
-1.407163750724739135e-02 2.533176800198929865e-02 4.149786560276639419e-02 -1.067137483700858307e-02 5.054955127197222758e-02 -1.385818213847409344e-02 4.800577427529179042e-03 -5.456246120903088942e-02 -1.558301356666167738e-02 -6.248679614996633519e-02 -4.677234481700266733e-02 -1.283794773803549061e-01 1.956404777826745503e-02 5.809000887076464642e-02 5.088202840146970746e-02
-9.129558032176214241e-03 -1.461849391295134276e-02 1.062497344858360088e-01 -4.772999149130698060e-02 -1.128319170658561715e-01 2.859989825435948346e-02 -2.005370295284683232e-02 4.375554003375891482e-02 5.021323231666703635e-02 -3.806218495622070569e-02 2.632671105944223849e-02 -5.798068026670466155e-03 -1.013313469167374282e-02 -1.479578949625641807e-02 -1.817860120779320188e-02
-8.901741176192927776e-03 2.023935989393403287e-03 -1.665394278584468937e-02 -1.587843773766837302e-02 4.022731653732707080e-02 -5.811819589541930564e-02 4.686884941902338259e-02 -3.916998265592682056e-03 -2.563392670330087286e-03 -1.765728482185716791e-02 -8.320596729429041022e-03 -5.562248985970111304e-02 -5.248878671050214578e-02 6.027084914840339508e-02 -1.638611630386057477e-02
5.078452926822511065e-02 -3.963366010148276081e-02 8.801791594091294690e-02 4.602860696266495265e-03 1.721187549582469051e-03 8.118133020371639304e-04 -8.311985031078997915e-03 2.281797051928937878e-02 1.943061711357629839e-02 -1.932950778137663972e-02 5.596325498820842355e-03 5.324237243729935953e-02 -3.843745091789508433e-02 -4.411934780810570361e-02 1.699755849616496270e-02
-1.117177500688085606e-01 1.760774757113090991e-02 -4.540281961905359015e-02 9.179778518703693435e-02 5.528252390778561065e-02 4.002690283064923998e-02 5.142840095611557472e-02 1.127177715691149613e-02 6.424459265881272974e-02 4.954664175179105713e-03 -4.411560155265770861e-02 3.308263622663806802e-02 1.765647284321394256e-02 -7.258948848980377455e-02 6.730840834245037374e-02
7.343070811136130638e-02 -6.843112331927636571e-03 4.390308771097336388e-02 3.230741224730319938e-02 1.366685999616757130e-01 2.678424849092123430e-02 3.819181655635680434e-02 -5.451784949868586361e-02 6.155029063410699663e-02 2.347984936190897556e-02 -4.230082241378439745e-02 3.999527221668851273e-02 2.449685461676919668e-02 1.499810505101443169e-02 3.224250892814975455e-02
-3.497809117248351640e-02 5.975975340295174021e-02 -1.760957807060243782e-02 -2.435803421422807341e-02 -2.431465165553790830e-02 -1.246523093604190099e-02 5.588346777868933440e-03 -3.118831686385872045e-03 1.557635431049081767e-02 6.537668983652684951e-02 6.136884626777357882e-02 6.731679934830797629e-02 -3.168771540879696674e-02 -6.715190474481036453e-02 -3.483016624758636381e-02
7.248278630235530096e-02 2.835241284953309363e-02 -1.907651855783358205e-02 7.794592623646026674e-02 3.314261093518707652e-02 2.490307212482734123e-02 5.601676992618877249e-02 -6.186684286533252614e-02 2.989773078558854644e-02 -6.080003154797835457e-02 4.593841772599154688e-02 3.606363332447884429e-02 1.711783017776592752e-02 5.285225617429155365e-02 -1.346984848004525483e-02
6.615175703434764132e-02 1.024463014301430289e-02 2.442252649614928481e-02 1.295168415752755500e-02 -1.094839712503288195e-02 2.365565565822793162e-02 3.824026987222199289e-03 1.583176232716143605e-03 -4.149716857317964358e-03 -7.163731587148113034e-02 1.112258400788130458e-01 -2.392691850299500517e-02 -9.745061369509569471e-02 2.065059341202951648e-02 -2.667509304415812896e-02
5.886283533827554176e-02 1.228117149916843794e-02 -3.386535739794378774e-02 -4.214418335654316478e-02 -4.827365879354336003e-03 -7.472255492409078659e-02 -7.397466432223365196e-02 -6.860330683574122901e-02 -6.105992583209336050e-02 -8.054513326793473482e-03 -8.489182110440300633e-03 8.877181404655553471e-03 -5.455120700827088831e-02 3.451175456953690240e-02 -3.217817515568858339e-02
2.832192451319180248e-03 2.782839441206252581e-02 -5.194445328449544957e-02 -3.805396060881639786e-02 1.696865883721783777e-02 -1.757484370481844291e-02 7.601464322396352070e-04 -8.032252889254749839e-02 -6.852794716697482337e-03 1.401577504559639760e-02 -4.322841725358038401e-02 -4.393872546264782769e-02 -3.310491175826063559e-02 6.786053485964807508e-02 -5.091319803206936778e-02
-4.093980659492735263e-02 1.940879702609736189e-03 -8.766346149531053069e-04 3.940121510081357609e-02 8.040490226872337720e-02 1.884948974259558277e-02 -1.734014572764848092e-02 4.010309417061441728e-02 2.694909707161112847e-02 -2.163897083723392151e-02 -1.392363169284352269e-02 -1.099362079636963946e-02 8.793731091394143065e-03 8.485387551715610488e-02 2.582368439002173319e-02
-7.965701084758365635e-03 -9.669392106122794541e-04 4.947109373079842248e-02 -5.513993560609137951e-02 -6.551892909450990343e-02 -3.400629066277415652e-02 2.694297804986484773e-02 -9.017079978143568205e-04 1.970178689649188311e-02 6.167727266627909266e-02 -8.355456675599440275e-02 2.962712418267383907e-02 5.341658915658877710e-02 -5.246475553687980631e-02 9.968027292882152956e-04
3.483880158413562179e-03 3.840147127371833918e-02 4.602155621841467342e-03 7.553681672470272113e-02 -8.021905308512566890e-02 -3.170755334804564729e-02 -1.088932124218367214e-01 9.652557261850895631e-02 3.556099652671539796e-02 -3.131700841278444586e-02 4.325043593876021046e-03 1.151041939767286949e-02 -5.401980313934798272e-02 -6.460733570852435215e-02 -6.107513705127541603e-02
5.325392320955737308e-02 1.147377270657443278e-02 2.070260153766902839e-02 1.754717676375917856e-02 4.390395628916544946e-02 -1.501241481841685682e-02 4.305376826045646810e-02 -7.383480795362247495e-02 -1.161522697376721897e-02 -7.554269789144482661e-02 -5.304866632240326507e-02 -5.252237930707715635e-02 -2.438113604935696760e-02 4.495852370123657599e-02 -2.809553229294446675e-02
1.145780208820884050e-01 2.474058808464826495e-02 3.388460976841577155e-02 4.665944753590686028e-02 5.528827939449816598e-02 7.482736621727881232e-03 -7.963200137235797518e-03 -5.002618915373126945e-02 1.224194501167599897e-01 9.827855588016820923e-03 4.654728640673676948e-02 3.069152627404491546e-02 -6.002479671934879413e-02 1.801396281895080442e-02 6.236285129297399442e-03
-3.776110106583609183e-02 4.613275462352326578e-03 -3.350715815618379723e-02 -1.557390219022568821e-02 4.151041098547941094e-02 -8.429647530212917156e-03 3.203048807949373383e-02 6.356754763637976254e-04 -5.561803529054264172e-02 -7.058749765278009292e-02 1.483612997773103154e-02 -6.990678945681930156e-02 3.945588578797719695e-03 -1.151934483663136048e-02 1.633839908228940790e-02
3.297510322386178888e-02 -2.104757706339029089e-02 -3.970138130733902315e-02 -5.852604094564340526e-02 5.125488244097066437e-02 8.305395336451155963e-02 -7.109032228580434466e-03 2.627190348607828449e-02 9.876639032814196750e-02 -3.378286982731810995e-02 -3.801612254416877890e-02 -5.122119361540515038e-03 7.907776036917860130e-02 1.430042295313572465e-01 4.995992321813446865e-03
4.932998052692386115e-02 3.524883770459020377e-02 -1.616427011189382201e-02 -5.088348415872201609e-03 9.892103473160492738e-03 -3.958476238192241287e-02 4.714778902418974987e-02 -1.870703378310141496e-03 2.470462021878194053e-02 4.806328436389884634e-02 -2.764945817970028419e-02 -2.603229831563252591e-02 -4.925053284541228149e-02 1.936611149269150053e-02 8.769297503723844089e-02
-4.113210881065725022e-02 1.678616014482531629e-02 -3.889796821099370666e-02 -3.338006504711776845e-03 2.403738688303047252e-02 1.374728910818141629e-02 8.201154221469994510e-02 -8.808355224804337302e-02 5.671944342927970339e-02 -3.504630337431109688e-02 3.131317691714458756e-02 -9.557099640940853666e-03 -6.394614746680763948e-03 -6.477566430293325850e-02 3.014782224890654588e-02
4.555106012443173313e-02 6.666697859766175863e-03 1.778558408812855596e-01 7.022372991775957529e-02 4.192581922513168025e-02 5.552085345159237379e-05 1.765036319962687197e-03 5.037101247745134208e-02 -3.636590879646707519e-02 -1.471239960410414098e-02 -3.608760875453408817e-02 8.526589574185135245e-02 6.149170457549587437e-03 -5.196948614399864164e-02 3.469977585583383650e-02
5.416998457503729991e-02 3.802930127743252287e-02 -3.521632351356508012e-02 1.352869900323163017e-02 1.034336125730987432e-01 4.364727895754884346e-02 1.362201822657943540e-01 3.626307556514920538e-01 1.102199112959498656e-01 2.350499102973473836e-02 4.714900633689396436e-02 8.460385250858117046e-02 -4.857462110924001819e-02 -4.131686228994844653e-03 3.118777797455466773e-03
1.878533267346290392e-01 1.027765909965471375e-01 1.259439759241360590e-01 2.924824014341173006e-01 2.548565065604554425e-01 2.849012204259362968e-01 6.146108550888914612e-01 6.094152847609690671e-01 7.731694810402144347e-01 2.001482703888265990e-01 1.262461344417692422e-01 9.928064885157449060e-02 1.165031945638378141e-01 4.188729958674659859e-02 1.904604401485251453e-01
1.931836186819237966e-01 1.497329153773952481e-01 2.438756891466240806e-01 3.934956082901779895e-01 3.858862031172238805e-01 8.662035978925322066e-01 1.614785985079333797e+00 1.353394298512669014e+00 1.067851860622365923e+00 5.561879057030391094e-01 4.158573883357657430e-01 2.589812468031252313e-01 2.316007517209515698e-01 2.769667751456051374e-01 2.619775476794521940e-01
1.752527710098602809e-01 1.246153812026832841e-01 4.562210177824184698e-01 3.216272656145390263e-01 5.812013940606870488e-01 9.757924616455710964e-01 1.694979004446602655e+00 2.025779405163863789e+00 1.363622931014803141e+00 1.145309991977639719e+00 4.943823399154211873e-01 2.371393449773518958e-01 3.940112378340255295e-01 2.604032331664575262e-01 3.594419870558166474e-01
7.554919299353865525e-02 8.350560568925777249e-02 3.200761244833068009e-01 1.905526152643389481e-01 3.567847193828547758e-01 6.060486949098268239e-01 1.052376548212573759e+00 9.013614482668348415e-01 8.888557649863125798e-01 7.401448134470339779e-01 2.792427861682015289e-01 2.792348750094438836e-01 2.394091481345914374e-01 1.907112784514257697e-01 1.412472768309275539e-01
1.815887044317706922e-01 6.371240438578596420e-03 7.915735350129114722e-02 4.668669354790778298e-02 2.242075429949941523e-01 2.944747492232252517e-01 5.811336500032430186e-01 4.489166052578369981e-01 4.075416269717813122e-01 4.199196293695211524e-01 1.323151643103860908e-01 8.045565645095620333e-02 1.724854773810431327e-02 1.436337582437280380e-01 1.181742176740841199e-01
4.754570617975283769e-02 4.842027897616459770e-02 1.501885459248520072e-01 -1.025891961406548598e-02 9.816124881748274078e-02 8.341342019904754435e-02 4.669948791714855635e-02 1.088176887093589840e-01 1.735689508557795580e-01 1.818829532388039627e-01 4.632840142593367544e-02 1.490707324234714082e-01 5.828729482855440902e-02 2.370458721546746250e-02 3.728785387515535371e-02
8.747795383268153202e-02 9.554696147344114016e-03 -5.567768585230402356e-02 6.812287763376059790e-02 -2.646407969496300441e-03 5.331204713782628640e-02 1.119402054937587536e-02 5.651294584349472044e-02 2.965023204817483771e-02 9.188561056007737982e-02 7.996715904296283761e-02 -1.630927158128430213e-02 -1.686423535487497488e-02 -3.222326129424953056e-02 -2.180248409960553260e-02
7.673514998243173221e-03 2.279882983448863407e-02 -6.322333018070823429e-02 4.720842064993863857e-02 -5.092040950509557629e-02 3.979111622899103584e-02 4.084371750893557584e-02 3.715088226688004897e-02 2.816744040776262420e-02 8.648042171705123959e-02 -3.181385066948857164e-03 1.729021744536419353e-02 -2.630563343570176821e-02 7.593694444383776096e-03 -8.402545730219887141e-03
7.317803030710839929e-02 7.717296581241388231e-02 -9.460346813300959251e-03 -2.258096451760217144e-02 6.131608802070073055e-02 4.437489924297862570e-02 1.659469097190472212e-02 5.584260211738630020e-02 -3.900669685142222481e-02 -5.190759925731013025e-02 -2.713637870984404385e-02 -1.871286649878245098e-02 -3.878461235995567941e-02 6.843672477427409362e-02 9.657486695433616097e-02
1.186487081565533973e-02 -4.492152561108245235e-02 -3.670232196384900364e-02 2.364327757735597973e-02 5.655146646891752449e-02 -4.929623838945762504e-02 9.276124835962694382e-02 1.208380348156050804e-01 3.155913907060965695e-02 -2.376922880194897933e-02 -1.587561042748063256e-02 7.081425753669597090e-02 -6.458083750248276578e-02 1.183513232032751619e-02 6.718379635771184848e-03
-7.888638418683950257e-03 5.130457496165521936e-02 3.905928352172154117e-02 -3.949330424535308498e-02 1.656773257424913603e-02 -3.526622370972474357e-02 4.916688220564877781e-02 6.247874216887961546e-02 7.553826548388295481e-02 -5.856740249333624963e-03 -9.234154087479984341e-02 6.080357794397164145e-02 1.897999483196314077e-02 6.023001562618483101e-02 -1.411741282765429338e-03
-5.333095838659464294e-02 3.280183491756431119e-02 6.531879912237953389e-02 -1.703270744707002663e-03 -2.248701670560215166e-02 1.783298564285987556e-02 -2.032222742600295687e-02 3.066874644603255137e-03 -6.542682756280205313e-03 -3.463679261228222450e-02 -1.763935820680088279e-02 4.406086449515401494e-03 -5.886739017171277628e-03 5.322754368893728785e-03 7.615992185593916785e-04
5.295871618016844556e-02 1.104228405029183124e-01 -2.485277939000684125e-02 -7.850198103101243760e-03 -2.647684697631137729e-02 -2.069780034213208192e-02 5.430614629904269991e-02 -4.717048706730053546e-03 1.305907184235171811e-02 -1.124477248550689590e-01 2.236680995584687179e-02 -6.449298523371330659e-03 -1.644105452572672960e-02 -1.120607264488702841e-02 9.995097529757482335e-02
4.302240737873264109e-02 -5.456893389710602144e-02 -2.745296083912522611e-02 3.054060981929652974e-02 -3.230318575160419370e-02 1.759527264406225353e-02 6.675544851734838310e-03 4.357882494769668713e-02 -2.065497611395103808e-02 -1.123296303606836355e-01 -1.861820526394249511e-02 -7.491351923764984905e-03 -7.240278529731644652e-02 -1.813097965952708418e-02 4.536228929402887772e-03
8.418356562410991839e-02 -2.027738764804891142e-03 -3.038979381659815890e-02 3.347046454702566620e-02 -8.099259258004054898e-03 2.546319971901201198e-02 5.959021298092295055e-02 -9.854806847318378638e-02 1.249070187633959800e-02 4.894313949624003179e-02 -6.906791210642634904e-02 2.296440111386600230e-02 2.830489596913927930e-02 5.288193178290265944e-02 3.675863610519681818e-03
1.008839106866489706e-02 1.658951362430186732e-02 -4.093151565859135671e-02 2.971008848942019356e-03 7.497763576203247959e-02 1.571956135140878397e-02 5.474607181718188498e-03 -1.029538433202861238e-02 4.996177329504159631e-02 -1.339560307513583924e-02 -7.859919449968445770e-02 -1.242932405780771722e-02 -1.868950857787533837e-02 5.292030500920432562e-02 -6.791026980623834919e-02
8.524083091456392813e-02 2.199681571980965575e-02 -3.060852698667849980e-02 3.707321525245543641e-03 2.777237798928675408e-02 6.164646708228894295e-02 3.941954936995790276e-02 2.797205732113260818e-02 -1.118606462838444594e-02 -4.156962894307685702e-02 -9.740027446805415642e-03 2.609797738642810963e-02 -5.845587402579014574e-03 4.287320905520209530e-02 4.223881117815063424e-02
1.107232568767901881e-02 -4.620751786519794457e-02 1.657820180302425894e-02 -8.134079109680595991e-04 -4.407493954856536722e-02 7.903120990587469974e-02 7.795469126645322711e-02 -5.330472065699202316e-02 -9.499096897091270641e-02 1.101416885392619144e-02 -2.514652354767878129e-02 1.670761513870063289e-02 7.382677514924711193e-02 -1.679295031959646481e-02 3.716722824329289285e-03
7.495603737235760622e-02 -6.745846497386537299e-02 4.838857991725808300e-02 -3.161410738693755818e-03 1.520077180339015656e-02 1.670357698571881336e-02 9.336509267404588530e-02 -7.690260134947721204e-02 -3.319677312303503935e-02 -1.055770829189095067e-01 -8.822661430194644536e-03 -3.346560139849030086e-02 1.073397078383369063e-01 -4.171381986292783950e-02 9.152908716099424080e-03
